&FCI
NORB=10,
NELEC=18,
MS2=0,
UHF=.FALSE.,
ORBSYM=1,1,1,1,1,1,1,1,1,1,
ISYM=1,
&END
  2.87089112862812889659E+00   1   1   1   1
  5.57260174318369520208E-09   1   1   2   1
  2.87213407154622579753E+00   1   1   2   2
  8.45356326756119776075E-10   1   1   3   1
  2.51830955156477076518E-01   1   1   3   2
  8.18223103572111698512E-01   1   1   3   3
  2.72483371644721805716E-01   1   1   4   1
  3.03793857488612216571E-10   1   1   4   2
  9.34279959710065162748E-10   1   1   4   3
  8.20992451508503084945E-01   1   1   4   4
  8.05689120849248263667E-01   1   1   5   5
  8.05689120849246931400E-01   1   1   6   6
  1.94457047768094146159E-10   1   1   7   1
  6.25555059566380855518E-02   1   1   7   2
 -2.53913113420761241135E-02   1   1   7   3
  4.24764815326825040380E-10   1   1   7   4
  8.04953156239242573200E-01   1   1   7   7
  1.00427746838806680200E-09   1   1   8   5
 -1.45153573481315788751E-12   1   1   8   6
  8.26269487097837207479E-01   1   1   8   8
  1.45119058836902445560E-12   1   1   9   5
  1.00429708375658942085E-09   1   1   9   6
  8.26269487097836652367E-01   1   1   9   9
  6.20988729757321611391E-02   1   1  10   1
  9.13037709653197772874E-11   1   1  10   2
  2.92019064502697064067E-10   1   1  10   3
  6.24425002224554964725E-02   1   1  10   4
 -9.34496986069421426334E-10   1   1  10   7
  8.96738443970614196310E-01   1   1  10  10
  5.57260122994317710496E-09   2   1   1   1
  2.49271711047991662014E+00   2   1   2   1
 -5.56982066336314446967E-09   2   1   2   2
  2.52286627681317099370E-01   2   1   3   1
 -2.81619629770949098964E-10   2   1   3   2
  3.04326480070491357181E-10   2   1   4   1
  2.72205432581322792629E-01   2   1   4   2
  4.18020221363269550707E-01   2   1   4   3
  5.57032268082460410574E-02   2   1   7   1
 -6.22448172973347289308E-11   2   1   7   2
  1.90036824798228282107E-01   2   1   7   4
  4.49346399633324788958E-01   2   1   8   5
 -6.49431459586994230988E-04   2   1   8   6
  6.49431459586990869962E-04   2   1   9   5
  4.49346399633324344869E-01   2   1   9   6
  8.05149977053073471367E-11   2   1  10   1
  7.19218792364533232586E-02   2   1  10   2
  1.30642196727748322038E-01   2   1  10   3
 -4.18141240640070022128E-01   2   1  10   7
  2.87213407154622624162E+00   2   2   1   1
 -5.56982030138247377848E-09   2   2   2   1
  2.87337874479880373002E+00   2   2   2   2
 -2.82129528933509534443E-10   2   2   3   1
  2.52039556453063973152E-01   2   2   3   2
  8.18196904029772076328E-01   2   2   3   3
  2.72681773624700307668E-01   2   2   4   1
 -9.13184112119308747110E-10   2   2   4   2
 -9.34266739328760795579E-10   2   2   4   3
  8.21060494936260099053E-01   2   2   4   4
  8.05686049556737837740E-01   2   2   5   5
  8.05686049556736505473E-01   2   2   6   6
 -5.45918629991429812135E-11   2   2   7   1
  6.25053450747067168569E-02   2   2   7   2
 -2.52581282668218713716E-02   2   2   7   3
 -4.24698267783470326539E-10   2   2   7   4
  8.05006088594939384073E-01   2   2   7   7
 -1.00429724497325535502E-09   2   2   8   5
  1.45141710158007575241E-12   2   2   8   6
  8.26275036130156737002E-01   2   2   8   8
 -1.45176278321974893150E-12   2   2   9   5
 -1.00427762651450115256E-09   2   2   9   6
  8.26275036130156181891E-01   2   2   9   9
  6.22651628590866826340E-02   2   2  10   1
 -2.30372299616517347175E-10   2   2  10   2
 -2.91950516630483342261E-10   2   2  10   3
  6.23136098991690368099E-02   2   2  10   4
  9.34590823026202746486E-10   2   2  10   7
  8.96701291042938719578E-01   2   2  10  10
  8.45356297292776225885E-10   3   1   1   1
  2.52286627681316932836E-01   3   1   2   1
 -2.82129534118183315336E-10   3   1   2   2
  3.75610484377036646375E-02   3   1   3   1
  9.87066890296110035991E-12   3   1   3   3
  8.96545250023704443805E-11   3   1   4   1
  4.01095416430065423996E-02   3   1   4   2
  1.12552481825383583758E-02   3   1   4   3
  1.41817800461154772553E-11   3   1   4   4
  7.33547478128535932297E-12   3   1   5   5
  7.34975858263256632193E-12   3   1   6   6
  6.85240824193175234597E-03   3   1   7   1
  5.05971230903552745525E-12   3   1   7   3
  6.43064438134128765756E-03   3   1   7   4
  8.45195618921489978505E-12   3   1   7   7
  7.66333058406993856276E-03   3   1   8   5
 -1.10756600488428626048E-05   3   1   8   6
  8.33407387126776639267E-12   3   1   8   8
  1.10756600488428083947E-05   3   1   9   5
  7.66333058406992902178E-03   3   1   9   6
  8.31979864722373162934E-12   3   1   9   9
  2.74997709560007888273E-11   3   1  10   1
  1.23105782935914644799E-02   3   1  10   2
  9.97230819913019414513E-04   3   1  10   3
 -1.31426582376186392815E-12   3   1  10   4
 -7.34933854793627747842E-03   3   1  10   7
  8.86903069497801386015E-12   3   1  10  10
  2.51830955156476965495E-01   3   2   1   1
 -2.81619540904288707637E-10   3   2   2   1
  2.52039556453063973152E-01   3   2   2   2
  3.76188204083793137356E-02   3   2   3   2
  8.82515624711586142703E-03   3   2   3   3
  4.01182008871858730714E-02   3   2   4   1
 -8.96541008441489790567E-11   3   2   4   2
 -1.25740786261688834390E-11   3   2   4   3
  1.26948440769464251932E-02   3   2   4   4
  6.56921530312232389293E-03   3   2   5   5
  6.56921530312231435195E-03   3   2   6   6
  6.83192043061278155014E-03   3   2   7   2
  4.52384176780622031255E-03   3   2   7   3
 -7.18540194963313325416E-12   3   2   7   4
  7.56556435158165820065E-03   3   2   7   7
 -8.56197877548638859670E-12   3   2   8   5
  7.44991878070641860149E-03   3   2   8   8
 -8.56115428865651338356E-12   3   2   9   6
  7.44991878070641513204E-03   3   2   9   9
  1.22994386548107240836E-02   3   2  10   1
 -2.75035171300242262547E-11   3   2  10   2
 -1.11652688879694297499E-12   3   2  10   3
 -1.17294739513431429609E-03   3   2  10   4
  8.21040401739479455069E-12   3   2  10   7
  7.92968739118956982004E-03   3   2  10  10
  8.18223103572111587489E-01   3   3   1   1
  8.18196904029772298372E-01   3   3   2   2
  9.87068554994845355698E-12   3   3   3   1
  8.82515624711586489648E-03   3   3   3   2
  6.79319768594979445098E-01   3   3   3   3
  1.25950722953405494509E-02   3   3   4   1
 -1.40722530477104929933E-11   3   3   4   2
  6.25696871642729357532E-01   3   3   4   4
  6.45221034653131408909E-01   3   3   5   5
  6.45221034653130409708E-01   3   3   6   6
  1.49045656955097798114E-11   3   3   7   1
  1.33379462766042844457E-02   3   3   7   2
 -8.12866469589044182698E-02   3   3   7   3
  6.40838455252397465323E-01   3   3   7   7
  6.46561597605803561883E-01   3   3   8   8
  6.46561597605803117794E-01   3   3   9   9
 -1.01030517911588398755E-02   3   3  10   1
  1.12846810172728976812E-11   3   3  10   2
  7.94817662284121317917E-02   3   3  10   4
  7.01733592891815249892E-01   3   3  10  10
  2.72483371644721639182E-01   4   1   1   1
  3.04326562364915422186E-10   4   1   2   1
  2.72681773624700252157E-01   4   1   2   2
  8.96545235659706385979E-11   4   1   3   1
  4.01182008871858453158E-02   4   1   3   2
  1.25950722953405095522E-02   4   1   3   3
  4.38243117407725382706E-02   4   1   4   1
  1.30031466622727729957E-11   4   1   4   3
  1.27476812854867716657E-02   4   1   4   4
  7.87747816971585447521E-03   4   1   5   5
  7.87747816971584233214E-03   4   1   6   6
  2.47439744253599230878E-11   4   1   7   1
  1.10620900225449018267E-02   4   1   7   2
 -8.31623463305614335321E-04   4   1   7   3
  1.61217484842716428899E-12   4   1   7   4
  7.17158311180647253802E-03   4   1   7   7
  8.45779305172687664710E-12   4   1   8   5
  8.46038704720068236720E-03   4   1   8   8
  8.45833856758423904116E-12   4   1   9   6
  8.46038704720067716303E-03   4   1   9   9
  8.92989180385627204228E-03   4   1  10   1
  7.13719648076135770443E-12   4   1  10   3
  4.61593755589516201165E-03   4   1  10   4
 -7.74573845536347260056E-12   4   1  10   7
  1.16257149426235682765E-02   4   1  10  10
  3.03793864242107131257E-10   4   2   1   1
  2.72205432581322959162E-01   4   2   2   1
 -9.13183875927736760483E-10   4   2   2   2
  4.01095416430065562774E-02   4   2   3   1
 -8.96541093521383822268E-11   4   2   3   2
 -1.40722215670241743758E-11   4   2   3   3
  4.38834019626890281529E-02   4   2   4   2
  1.16391257885939142930E-02   4   2   4   3
 -1.42569058732348459752E-11   4   2   4   4
 -8.81309247077856187506E-12   4   2   5   5
 -8.79898100627452149288E-12   4   2   6   6
  1.10760138172260533262E-02   4   2   7   1
 -2.47345937982524554425E-11   4   2   7   2
  1.44023803510803642160E-03   4   2   7   4
 -8.02202799332530955162E-12   4   2   7   7
  7.57108935136504082597E-03   4   2   8   5
 -1.09423456205120036053E-05   4   2   8   6
 -9.45065360740529846902E-12   4   2   8   8
  1.09423456205119477012E-05   4   2   9   5
  7.57108935136503301971E-03   4   2   9   6
 -9.46475478421848966291E-12   4   2   9   9
  8.98435768933129874636E-03   4   2  10   2
  6.38777242322808875424E-03   4   2  10   3
 -5.16306056720238883558E-12   4   2  10   4
 -6.93559594747195345271E-03   4   2  10   7
 -1.29915944021276794798E-11   4   2  10  10
  9.34280117895898525924E-10   4   3   1   1
  4.18020221363269550707E-01   4   3   2   1
 -9.34266651617069739298E-10   4   3   2   2
  1.12552481825383670494E-02   4   3   3   1
 -1.25741011339319266996E-11   4   3   3   2
  1.30031450572907844117E-11   4   3   4   1
  1.16391257885939194971E-02   4   3   4   2
  2.32839280659183800459E-01   4   3   4   3
 -1.02036982939693909628E-04   4   3   7   1
  1.17642161469752981606E-01   4   3   7   4
  2.57828055243140730202E-01   4   3   8   5
 -3.72633786263035942689E-04   4   3   8   6
  3.72633786263034045335E-04   4   3   9   5
  2.57828055243140452646E-01   4   3   9   6
  7.12214463439533956811E-12   4   3  10   1
  6.37418543060795216720E-03   4   3  10   2
  6.02710771843905229739E-02   4   3  10   3
 -2.33548239771167370771E-01   4   3  10   7
  8.20992451508502973923E-01   4   4   1   1
  8.21060494936260099053E-01   4   4   2   2
  1.41817989668261778487E-11   4   4   3   1
  1.26948440769464043765E-02   4   4   3   2
  6.25696871642729357532E-01   4   4   3   3
  1.27476812854868011560E-02   4   4   4   1
 -1.42569294936894900302E-11   4   4   4   2
  6.32881630167627329264E-01   4   4   4   4
  6.27273933718712650709E-01   4   4   5   5
  6.27273933718711540486E-01   4   4   6   6
  3.86720298040723676255E-04   4   4   7   2
 -9.96878280105639941536E-04   4   4   7   3
  6.37282665770842582376E-01   4   4   7   7
  6.36553750897800307840E-01   4   4   8   8
  6.36553750897799863750E-01   4   4   9   9
  5.71023719209150498050E-03   4   4  10   1
 -6.39143289661493218975E-12   4   4  10   2
  8.88754643214972189780E-03   4   4  10   4
  6.59910057993057019843E-01   4   4  10  10
  1.40358550134630968159E-02   5   1   5   1
 -2.20401544299938251452E-11   5   1   5   3
 -1.93290950284376039647E-02   5   1   5   4
 -4.26921203277234261625E-12   5   1   7   5
  3.30440705711276102094E-11   5   1   8   1
  1.47001030501773318621E-02   5   1   8   2
 -1.84793644543743106057E-02   5   1   8   3
 -2.37338314969183031998E-11   5   1   8   4
 -4.79834728875080159666E-03   5   1   8   7
  2.12457680483167124735E-05   5   1   9   2
 -2.67078597706299080035E-05   5   1   9   3
 -6.93495638527779817754E-06   5   1   9   7
 -4.43676394043019447361E-03   5   1  10   5
 -5.49547237102260942709E-12   5   1  10   8
  1.41147466802854226753E-02   5   2   5   2
 -1.97340494963254980965E-02   5   2   5   3
  2.16256154555725197902E-11   5   2   5   4
 -3.82039284448052731888E-03   5   2   7   5
  1.48703678367586595438E-02   5   2   8   1
 -3.30456671781118167844E-11   5   2   8   2
  2.06442247553431798034E-11   5   2   8   3
 -2.12450271391537680310E-02   5   2   8   4
  5.35831361139930299046E-12   5   2   8   7
  2.14918483751113844466E-05   5   2   9   1
 -3.07050173211683151723E-05   5   2   9   4
  4.96559722602753662013E-12   5   2  10   5
 -4.92107127556532918805E-03   5   2  10   8
 -7.11232693492129671668E-06   5   2  10   9
 -2.20401580128327828061E-11   5   3   5   1
 -1.97340494963254980965E-02   5   3   5   2
  1.02450720458088562204E-01   5   3   5   3
  9.38743626339182644924E-03   5   3   7   5
 -2.07746887024235771246E-02   5   3   8   1
  2.32096634575297227802E-11   5   3   8   2
  1.02319884979241812473E-01   5   3   8   4
 -3.00252464857620425791E-05   5   3   9   1
  1.47880905023532624410E-04   5   3   9   4
  2.86991556598044823823E-02   5   3  10   8
  4.14783217675053183225E-05   5   3  10   9
 -1.93290950284376039647E-02   5   4   5   1
  2.16256135358430203131E-11   5   4   5   2
  9.07697013069892755244E-02   5   4   5   4
 -2.24095999851356792539E-11   5   4   8   1
 -2.00604967798491788666E-02   5   4   8   2
  8.55953475239077943293E-02   5   4   8   3
  2.71190674425312409912E-02   5   4   8   7
 -2.89930390327119872978E-05   5   4   9   2
  1.23709261989565896724E-04   5   4   9   3
  3.91946515343459086687E-05   5   4   9   7
  1.45703277133301892926E-02   5   4  10   5
  8.05689120849248263667E-01   5   5   1   1
  8.05686049556737726718E-01   5   5   2   2
  7.33545785579852064273E-12   5   5   3   1
  6.56921530312232736237E-03   5   5   3   2
  6.45221034653131519931E-01   5   5   3   3
  7.87747816971586488355E-03   5   5   4   1
 -8.81307843333163348309E-12   5   5   4   2
  6.27273933718712650709E-01   5   5   4   4
  6.69902492055520104586E-01   5   5   5   5
  6.16726114321143659147E-01   5   5   6   6
  5.97900388712780314804E-12   5   5   7   1
  5.34981316727626589336E-03   5   5   7   2
 -3.39928300115475492960E-02   5   5   7   3
  6.18468856168648661864E-01   5   5   7   7
  6.77552934042265242454E-01   5   5   8   8
  7.93407427604139205406E-05   5   5   9   8
  6.22656605711809030268E-01   5   5   9   9
 -2.92116756704086707325E-03   5   5  10   1
  3.25622695423527621815E-12   5   5  10   2
  4.64450723730573319936E-02   5   5  10   4
  6.60868400966922675543E-01   5   5  10  10
  1.40358550134630725298E-02   6   1   6   1
 -2.20767396346570045580E-11   6   1   6   3
 -1.93290950284375692703E-02   6   1   6   4
 -4.27746854523506517805E-12   6   1   7   6
 -2.12457680483168175056E-05   6   1   8   2
  2.67078597706300503050E-05   6   1   8   3
  6.93495638527782951775E-06   6   1   8   7
  3.30455966357331516506E-11   6   1   9   1
  1.47001030501773162495E-02   6   1   9   2
 -1.84793644543742897890E-02   6   1   9   3
 -2.37366995596591008674E-11   6   1   9   4
 -4.79834728875079725985E-03   6   1   9   7
 -4.43676394043018753471E-03   6   1  10   6
 -5.49616064182370319565E-12   6   1  10   9
  1.41147466802854001239E-02   6   2   6   2
 -1.97340494963254668714E-02   6   2   6   3
  2.15871224811105322461E-11   6   2   6   4
 -3.82039284448052037999E-03   6   2   7   6
 -2.14918483751114928668E-05   6   2   8   1
  3.07050173211684913552E-05   6   2   8   4
  1.48703678367586456660E-02   6   2   9   1
 -3.30444635235054400852E-11   6   2   9   2
  2.06447592343493762176E-11   6   2   9   3
 -2.12450271391537437449E-02   6   2   9   4
  5.35714373652286308174E-12   6   2   9   7
  4.95681800726185568868E-12   6   2  10   6
  7.11232693492134076239E-06   6   2  10   8
 -4.92107127556532398388E-03   6   2  10   9
 -2.20767396511577068148E-11   6   3   6   1
 -1.97340494963254668714E-02   6   3   6   2
  1.02450720458088409548E-01   6   3   6   3
  9.38743626339180910201E-03   6   3   7   6
  3.00252464857622018213E-05   6   3   8   1
 -1.47880905023533356247E-04   6   3   8   4
 -2.07746887024235493691E-02   6   3   9   1
  2.32102013477208344490E-11   6   3   9   2
  1.02319884979241701450E-01   6   3   9   4
 -4.14783217675055080578E-05   6   3  10   8
  2.86991556598044511572E-02   6   3  10   9
 -1.93290950284375692703E-02   6   4   6   1
  2.15871189663663072256E-11   6   4   6   2
  9.07697013069891089909E-02   6   4   6   4
  2.89930390327121228231E-05   6   4   8   2
 -1.23709261989566493035E-04   6   4   8   3
 -3.91946515343461051803E-05   6   4   8   7
 -2.24124708509061600094E-11   6   4   9   1
 -2.00604967798491545805E-02   6   4   9   2
  8.55953475239076833070E-02   6   4   9   3
  2.71190674425312097662E-02   6   4   9   7
  1.45703277133301632718E-02   6   4  10   6
  2.65881888671877369967E-02   6   5   6   5
 -7.93407427604186639251E-05   6   5   8   8
  2.74481641652279048649E-02   6   5   9   8
  7.93407427605786921658E-05   6   5   9   9
  8.05689120849246820377E-01   6   6   1   1
  8.05686049556736616495E-01   6   6   2   2
  7.34971429719874866527E-12   6   6   3   1
  6.56921530312233343391E-03   6   6   3   2
  6.45221034653130409708E-01   6   6   3   3
  7.87747816971578682099E-03   6   6   4   1
 -8.79902133695104991431E-12   6   6   4   2
  6.27273933718711540486E-01   6   6   4   4
  6.16726114321143548125E-01   6   6   5   5
  6.69902492055517773117E-01   6   6   6   6
  5.97608709041018150906E-12   6   6   7   1
  5.34981316727626068919E-03   6   6   7   2
 -3.39928300115475215404E-02   6   6   7   3
  6.18468856168647773686E-01   6   6   7   7
  6.22656605711808364134E-01   6   6   8   8
 -7.93407427605845739626E-05   6   6   9   8
  6.77552934042263688141E-01   6   6   9   9
 -2.92116756704087487950E-03   6   6  10   1
  3.26736082032501104918E-12   6   6  10   2
  4.64450723730572279102E-02   6   6  10   4
  6.60868400966921898387E-01   6   6  10  10
  1.94457055482508855221E-10   7   1   1   1
  5.57032268082460479963E-02   7   1   2   1
 -5.45918438424795181837E-11   7   1   2   2
  6.85240824193175234597E-03   7   1   3   1
  1.49045562906653361977E-11   7   1   3   3
  2.47439762660755245603E-11   7   1   4   1
  1.10760138172260498568E-02   7   1   4   2
 -1.02036982939696999604E-04   7   1   4   3
  5.97900878393941891851E-12   7   1   5   5
  5.97609869302673577404E-12   7   1   6   6
  1.46971058736792264260E-02   7   1   7   1
 -2.10207445079769636191E-11   7   1   7   3
 -1.77670236746633077030E-02   7   1   7   4
 -1.80963337854857672066E-12   7   1   7   7
 -1.56139297540757457719E-03   7   1   8   5
  2.25665037003807846498E-06   7   1   8   6
  4.94009132230850914453E-12   7   1   8   8
 -2.25665037003806745355E-06   7   1   9   5
 -1.56139297540757305931E-03   7   1   9   6
  4.94299975211681021646E-12   7   1   9   9
 -2.86839370509327182035E-11   7   1  10   1
 -1.26542578328093686946E-02   7   1  10   2
  1.81114408290368594789E-02   7   1  10   3
  2.31547752153730895554E-11   7   1  10   4
  2.66027417196474649450E-03   7   1  10   7
  1.48242532073964678870E-11   7   1  10  10
  6.25555059566380716740E-02   7   2   1   1
 -6.22447980833707846588E-11   7   2   2   1
  6.25053450747066891013E-02   7   2   2   2
  6.83192043061277981542E-03   7   2   3   2
  1.33379462766042757721E-02   7   2   3   3
  1.10620900225449052962E-02   7   2   4   1
 -2.47345942172447099457E-11   7   2   4   2
  3.86720298040725194138E-04   7   2   4   4
  5.34981316727626329127E-03   7   2   5   5
  5.34981316727625548502E-03   7   2   6   6
  1.49776632794462894599E-02   7   2   7   2
 -1.88211793761548298876E-02   7   2   7   3
  1.98782405499794019081E-11   7   2   7   4
 -1.61986472323236000738E-03   7   2   7   7
  1.74854120351126843282E-12   7   2   8   5
  4.42215047772609014948E-03   7   2   8   8
  1.74767951451710315003E-12   7   2   9   6
  4.42215047772608668003E-03   7   2   9   9
 -1.30165144474429124444E-02   7   2  10   1
  2.86898686315883942446E-11   7   2  10   2
 -2.02332276142120482310E-11   7   2  10   3
  2.07267801680678688536E-02   7   2  10   4
 -2.96663490500948884430E-12   7   2  10   7
  1.32734163800462736521E-02   7   2  10  10
 -2.53913113420761830941E-02   7   3   1   1
 -2.52581282668218540244E-02   7   3   2   2
  5.05971654622217021702E-12   7   3   3   1
  4.52384176780622204728E-03   7   3   3   2
 -8.12866469589044043920E-02   7   3   3   3
 -8.31623463305615419523E-04   7   3   4   1
 -9.96878280105674852846E-04   7   3   4   4
 -3.39928300115475562349E-02   7   3   5   5
 -3.39928300115475007237E-02   7   3   6   6
 -2.10207382675532994330E-11   7   3   7   1
 -1.88211793761548264181E-02   7   3   7   2
  1.07974427262108332859E-01   7   3   7   3
 -1.50661893398341475980E-02   7   3   7   7
 -2.45441895790476788397E-02   7   3   8   8
 -2.45441895790476614925E-02   7   3   9   9
  2.25570074997240160863E-02   7   3  10   1
 -2.52015257323166180092E-11   7   3  10   2
 -9.72578770560298677683E-02   7   3  10   4
 -7.18895077850146974052E-02   7   3  10  10
  4.24764883051669937066E-10   7   4   1   1
  1.90036824798228309863E-01   7   4   2   1
 -4.24698244430584510931E-10   7   4   2   2
  6.43064438134128592284E-03   7   4   3   1
 -7.18542160364858706011E-12   7   4   3   2
  1.61218034389414965055E-12   7   4   4   1
  1.44023803510802297749E-03   7   4   4   2
  1.17642161469752981606E-01   7   4   4   3
 -1.77670236746633077030E-02   7   4   7   1
  1.98782374348021416055E-11   7   4   7   2
  1.39324500534401374274E-01   7   4   7   4
  1.27299088919150982235E-01   7   4   8   5
 -1.83982854181808795808E-04   7   4   8   6
  1.83982854181807874237E-04   7   4   9   5
  1.27299088919150843457E-01   7   4   9   6
  2.55494578619459392830E-11   7   4  10   1
  2.28713887239514919447E-02   7   4  10   2
 -4.96357861074495226861E-02   7   4  10   3
 -1.33642078318161050543E-01   7   4  10   7
 -4.26921333352126655407E-12   7   5   5   1
 -3.82039284448052775256E-03   7   5   5   2
  9.38743626339182471452E-03   7   5   5   3
  3.05079959588097776590E-02   7   5   7   5
 -4.06049733371821597316E-03   7   5   8   1
  4.53405927023642452771E-12   7   5   8   2
  2.21008276917216764379E-02   7   5   8   4
 -5.86855644606824184540E-06   7   5   9   1
  3.19418889249534329513E-05   7   5   9   4
 -2.38528138674628867322E-02   7   5  10   8
 -3.44739998759175766594E-05   7   5  10   9
 -4.27746803694781132751E-12   7   6   6   1
 -3.82039284448052124735E-03   7   6   6   2
  9.38743626339180910201E-03   7   6   6   3
  3.05079959588097290868E-02   7   6   7   6
  5.86855644606827403265E-06   7   6   8   1
 -3.19418889249536023579E-05   7   6   8   4
 -4.06049733371821163636E-03   7   6   9   1
  4.53289035713726559885E-12   7   6   9   2
  2.21008276917216521518E-02   7   6   9   4
  3.44739998759177257372E-05   7   6  10   8
 -2.38528138674628589766E-02   7   6  10   9
  8.04953156239242573200E-01   7   7   1   1
  8.05006088594939495096E-01   7   7   2   2
  8.45189126235379074619E-12   7   7   3   1
  7.56556435158165906801E-03   7   7   3   2
  6.40838455252397465323E-01   7   7   3   3
  7.17158311180648641581E-03   7   7   4   1
 -8.02210345344909060752E-12   7   7   4   2
  6.37282665770842471353E-01   7   7   4   4
  6.18468856168648661864E-01   7   7   5   5
  6.18468856168647662663E-01   7   7   6   6
 -1.80964013861954314717E-12   7   7   7   1
 -1.61986472323235979054E-03   7   7   7   2
 -1.50661893398341458633E-02   7   7   7   3
  6.83845968730762643339E-01   7   7   7   7
  6.24793095736536963081E-01   7   7   8   8
  6.24793095736536630014E-01   7   7   9   9
  5.48190522499050845312E-03   7   7  10   1
 -6.12662868029916433054E-12   7   7  10   2
  1.28029110176506883551E-03   7   7  10   4
  7.03169229080950475286E-01   7   7  10  10
  3.30440691268991021533E-11   8   1   5   1
  1.48703678367586630132E-02   8   1   5   2
 -2.07746887024235771246E-02   8   1   5   3
 -2.24096017642383289035E-11   8   1   5   4
 -2.14918483751114928668E-05   8   1   6   2
  3.00252464857621882688E-05   8   1   6   3
 -4.06049733371821510580E-03   8   1   7   5
  5.86855644606827403265E-06   8   1   7   6
  1.56668519432734860974E-02   8   1   8   1
 -2.14267200026933685400E-11   8   1   8   3
 -2.23957983034252447463E-02   8   1   8   4
 -5.67839059816806145819E-12   8   1   8   7
 -5.02525199078623484561E-12   8   1  10   5
 -5.17268795227469185827E-03   8   1  10   8
  1.47001030501773335968E-02   8   2   5   1
 -3.30456659919585028908E-11   8   2   5   2
  2.32096647799440175347E-11   8   2   5   3
 -2.00604967798491753972E-02   8   2   5   4
 -2.12457680483168107294E-05   8   2   6   1
  2.89930390327121262112E-05   8   2   6   4
  4.53406017731007055681E-12   8   2   7   5
  1.53969286207976743808E-02   8   2   8   2
 -1.91517164918042666344E-02   8   2   8   3
  2.50144398329692447116E-11   8   2   8   4
 -5.07350108981092801780E-03   8   2   8   7
 -4.50016868179732923427E-03   8   2  10   5
  6.50400474509682736723E-06   8   2  10   6
  5.77974489491958084493E-12   8   2  10   8
 -1.84793644543743071362E-02   8   3   5   1
  2.06442250127926344507E-11   8   3   5   2
  8.55953475239077665737E-02   8   3   5   4
  2.67078597706300333644E-05   8   3   6   1
 -1.23709261989566520141E-04   8   3   6   4
 -2.14267176524965385873E-11   8   3   8   1
 -1.91517164918042631649E-02   8   3   8   2
  8.25352283589478874504E-02   8   3   8   3
  1.92795640153022411478E-02   8   3   8   7
  2.08717781916055063196E-02   8   3  10   5
 -3.01655680032405384516E-05   8   3  10   6
 -2.37338304431402730837E-11   8   4   5   1
 -2.12450271391537680310E-02   8   4   5   2
  1.02319884979241826350E-01   8   4   5   3
  3.07050173211684845789E-05   8   4   6   2
 -1.47880905023533437562E-04   8   4   6   3
  2.21008276917216799073E-02   8   4   7   5
 -3.19418889249536023579E-05   8   4   7   6
 -2.23957983034252482157E-02   8   4   8   1
  2.50144387911483009892E-11   8   4   8   2
  1.08292992645473984403E-01   8   4   8   4
  1.85091969647381213160E-02   8   4  10   8
  1.00427743758266551454E-09   8   5   1   1
  4.49346399633324844469E-01   8   5   2   1
 -1.00429712568464565689E-09   8   5   2   2
  7.66333058406993422595E-03   8   5   3   1
 -8.56198949861872840127E-12   8   5   3   2
  8.45775019552314433557E-12   8   5   4   1
  7.57108935136503735652E-03   8   5   4   2
  2.57828055243140785713E-01   8   5   4   3
 -1.56139297540757089090E-03   8   5   7   1
  1.74853956810968717474E-12   8   5   7   2
  1.27299088919150982235E-01   8   5   7   4
  3.20927998794554580897E-01   8   5   8   5
 -4.25701475274889928283E-04   8   5   8   6
  4.25701475274887380408E-04   8   5   9   5
  2.68163959747205082884E-01   8   5   9   6
  6.68097560711616368089E-12   8   5  10   1
  5.97911549711604810298E-03   8   5  10   2
  6.61378194249917783498E-02   8   5  10   3
 -2.44882236451933077426E-01   8   5  10   7
 -1.45153570438626679855E-12   8   6   1   1
 -6.49431459586994230988E-04   8   6   2   1
  1.45141735113472557078E-12   8   6   2   2
 -1.10756600488428744633E-05   8   6   3   1
 -1.09423456205119985231E-05   8   6   4   2
 -3.72633786263035888479E-04   8   6   4   3
  2.25665037003807041817E-06   8   6   7   1
 -1.83982854181808795808E-04   8   6   7   4
 -4.25701475274890145124E-04   8   6   8   5
  2.63826347815928237417E-02   8   6   8   6
  2.63814042657562301819E-02   8   6   9   5
 -4.25701475274896108236E-04   8   6   9   6
 -8.64149731142814663573E-06   8   6  10   2
 -9.55876816596797160980E-05   8   6  10   3
  3.53923450539897889531E-04   8   6  10   7
 -4.79834728875080333138E-03   8   7   5   1
  5.35831336912703415494E-12   8   7   5   2
  2.71190674425312409912E-02   8   7   5   4
  6.93495638527783121182E-06   8   7   6   1
 -3.91946515343461255091E-05   8   7   6   4
 -5.67839040777643301062E-12   8   7   8   1
 -5.07350108981092888516E-03   8   7   8   2
  1.92795640153022446173E-02   8   7   8   3
  2.99896296595559344600E-02   8   7   8   7
 -2.04972358970632526076E-02   8   7  10   5
  2.96242494364953163049E-05   8   7  10   6
  8.26269487097836985434E-01   8   8   1   1
  8.26275036130156737002E-01   8   8   2   2
  8.33405720346776542402E-12   8   8   3   1
  7.44991878070639605008E-03   8   8   3   2
  6.46561597605803561883E-01   8   8   3   3
  8.46038704720065287690E-03   8   8   4   1
 -9.45066197347347409613E-12   8   8   4   2
  6.36553750897800307840E-01   8   8   4   4
  6.77552934042265242454E-01   8   8   5   5
 -7.93407427604183251120E-05   8   8   6   5
  6.22656605711808475156E-01   8   8   6   6
  4.94009029414771976192E-12   8   8   7   1
  4.42215047772608754739E-03   8   8   7   2
 -2.45441895790476788397E-02   8   8   7   3
  6.24793095736536963081E-01   8   8   7   7
  6.87379771566699604435E-01   8   8   8   8
  6.30111547985644948611E-01   8   8   9   9
 -1.55627304408108269561E-03   8   8  10   1
  1.74230493701413961465E-12   8   8  10   2
  3.99544763771866456858E-02   8   8  10   4
  6.65268224832796906121E-01   8   8  10  10
  2.14918483751113878347E-05   9   1   5   2
 -3.00252464857620425791E-05   9   1   5   3
  3.30455986237465625591E-11   9   1   6   1
  1.48703678367586456660E-02   9   1   6   2
 -2.07746887024235528385E-02   9   1   6   3
 -2.24124726440325260339E-11   9   1   6   4
 -5.86855644606824269243E-06   9   1   7   5
 -4.06049733371821163636E-03   9   1   7   6
  1.56668519432734756891E-02   9   1   9   1
 -2.13901605109902145376E-11   9   1   9   3
 -2.23957983034252308685E-02   9   1   9   4
 -5.67014016683073923944E-12   9   1   9   7
 -5.02594125001844899892E-12   9   1  10   6
 -5.17268795227468838882E-03   9   1  10   9
  2.12457680483167124735E-05   9   2   5   1
 -2.89930390327119635809E-05   9   2   5   4
  1.47001030501773162495E-02   9   2   6   1
 -3.30444635417925745841E-11   9   2   6   2
  2.32102001414793618313E-11   9   2   6   3
 -2.00604967798491511111E-02   9   2   6   4
  4.53288989610742417821E-12   9   2   7   6
  1.53969286207976691766E-02   9   2   9   2
 -1.91517164918042492872E-02   9   2   9   3
  2.50529133351657597573E-11   9   2   9   4
 -5.07350108981092628307E-03   9   2   9   7
 -6.50400474509679263888E-06   9   2  10   5
 -4.50016868179732403010E-03   9   2  10   6
  5.78852038131907490741E-12   9   2  10   9
 -2.67078597706299080035E-05   9   3   5   1
  1.23709261989565923829E-04   9   3   5   4
 -1.84793644543742932584E-02   9   3   6   1
  2.06447552283997965734E-11   9   3   6   2
  8.55953475239076833070E-02   9   3   6   4
 -2.13901627453354236938E-11   9   3   9   1
 -1.91517164918042527566E-02   9   3   9   2
  8.25352283589478458170E-02   9   3   9   3
  1.92795640153022342089E-02   9   3   9   7
  3.01655680032403995382E-05   9   3  10   5
  2.08717781916054889724E-02   9   3  10   6
 -3.07050173211683355011E-05   9   4   5   2
  1.47880905023532597305E-04   9   4   5   3
 -2.37367009761042212726E-11   9   4   6   1
 -2.12450271391537472143E-02   9   4   6   2
  1.02319884979241701450E-01   9   4   6   3
  3.19418889249534397276E-05   9   4   7   5
  2.21008276917216556212E-02   9   4   7   6
 -2.23957983034252308685E-02   9   4   9   1
  2.50529076456463060801E-11   9   4   9   2
  1.08292992645473901137E-01   9   4   9   4
  1.85091969647381039688E-02   9   4  10   9
  1.45119060219467812771E-12   9   5   1   1
  6.49431459586991086802E-04   9   5   2   1
 -1.45176258022077541493E-12   9   5   2   2
  1.10756600488427643490E-05   9   5   3   1
  1.09423456205119172080E-05   9   5   4   2
  3.72633786263034099545E-04   9   5   4   3
 -2.25665037003807380630E-06   9   5   7   1
  1.83982854181807928447E-04   9   5   7   4
  4.25701475274887109358E-04   9   5   8   5
  2.63814042657562336514E-02   9   5   8   6
  2.63826347815928514973E-02   9   5   9   5
  4.25701475274894373512E-04   9   5   9   6
  8.64149731142809750782E-06   9   5  10   2
  9.55876816596793095222E-05   9   5  10   3
 -3.53923450539896480068E-04   9   5  10   7
  1.00429701170473347839E-09   9   6   1   1
  4.49346399633324233847E-01   9   6   2   1
 -1.00427761676111839020E-09   9   6   2   2
  7.66333058406991254191E-03   9   6   3   1
 -8.56118999820759432182E-12   9   6   3   2
  8.45828369736577578558E-12   9   6   4   1
  7.57108935136502000929E-03   9   6   4   2
  2.57828055243140397135E-01   9   6   4   3
 -1.56139297540757436035E-03   9   6   7   1
  1.74767361948446068642E-12   9   6   7   2
  1.27299088919150843457E-01   9   6   7   4
  2.68163959747205082884E-01   9   6   8   5
 -4.25701475274896216656E-04   9   6   8   6
  4.25701475274894210882E-04   9   6   9   5
  3.20927998794553859252E-01   9   6   9   6
  6.68224264712482553157E-12   9   6  10   1
  5.97911549711604376617E-03   9   6  10   2
  6.61378194249917089609E-02   9   6  10   3
 -2.44882236451932799870E-01   9   6  10   7
 -6.93495638527779902457E-06   9   7   5   1
  3.91946515343459222212E-05   9   7   5   4
 -4.79834728875079812721E-03   9   7   6   1
  5.35714242671130634752E-12   9   7   6   2
  2.71190674425312062967E-02   9   7   6   4
 -5.67014045552615231155E-12   9   7   9   1
 -5.07350108981092715044E-03   9   7   9   2
  1.92795640153022376784E-02   9   7   9   3
  2.99896296595559136433E-02   9   7   9   7
 -2.96242494364951604508E-05   9   7  10   5
 -2.04972358970632248520E-02   9   7  10   6
  7.93407427604134190971E-05   9   8   5   5
  2.74481641652279048649E-02   9   8   6   5
 -7.93407427605843706747E-05   9   8   6   6
  2.86341117905271509703E-02   9   8   9   8
  8.26269487097836763390E-01   9   9   1   1
  8.26275036130156514957E-01   9   9   2   2
  8.31981570483451234995E-12   9   9   3   1
  7.44991878070643334664E-03   9   9   3   2
  6.46561597605803006772E-01   9   9   3   3
  8.46038704720069971443E-03   9   9   4   1
 -9.46471589768731664335E-12   9   9   4   2
  6.36553750897799752728E-01   9   9   4   4
  6.22656605711808919246E-01   9   9   5   5
  7.93407427605795053174E-05   9   9   6   5
  6.77552934042263688141E-01   9   9   6   6
  4.94300372291657272968E-12   9   9   7   1
  4.42215047772609275156E-03   9   9   7   2
 -2.45441895790476892480E-02   9   9   7   3
  6.24793095736536741036E-01   9   9   7   7
  6.30111547985644837588E-01   9   9   8   8
  6.87379771566698716256E-01   9   9   9   9
 -1.55627304408106664942E-03   9   9  10   1
  1.73117608475581990044E-12   9   9  10   2
  3.99544763771865901747E-02   9   9  10   4
  6.65268224832796462032E-01   9   9  10  10
  6.20988729757321056280E-02  10   1   1   1
  8.05150211882346145844E-11  10   1   2   1
  6.22651628590866479396E-02  10   1   2   2
  2.74997688286160880947E-11  10   1   3   1
  1.22994386548107188795E-02  10   1   3   2
 -1.01030517911588468144E-02  10   1   3   3
  8.92989180385627551173E-03  10   1   4   1
  7.12213994602612553865E-12  10   1   4   3
  5.71023719209150498050E-03  10   1   4   4
 -2.92116756704086880797E-03  10   1   5   5
 -2.92116756704086447116E-03  10   1   6   6
 -2.86839372101108704133E-11  10   1   7   1
 -1.30165144474429107097E-02  10   1   7   2
  2.25570074997240160863E-02  10   1   7   3
  2.55494618485416025502E-11  10   1   7   4
  5.48190522499050758576E-03  10   1   7   7
  6.68098449269707545898E-12  10   1   8   5
 -1.55627304408108009352E-03  10   1   8   8
  6.68225540120544813936E-12  10   1   9   6
 -1.55627304408107900932E-03  10   1   9   9
  2.09647801926797321126E-02  10   1  10   1
 -2.12913309180159816526E-11  10   1  10   3
 -2.31546901821349376815E-02  10   1  10   4
 -8.14728317839834251202E-12  10   1  10   7
 -1.07739073164555224787E-02  10   1  10  10
  9.13037628285293542110E-11  10   2   1   1
  7.19218792364533648920E-02  10   2   2   1
 -2.30372253564032671980E-10  10   2   2   2
  1.23105782935914644799E-02  10   2   3   1
 -2.75035192012840406478E-11  10   2   3   2
  1.12846960509006125933E-11  10   2   3   3
  8.98435768933130395053E-03  10   2   4   2
  6.37418543060794956512E-03  10   2   4   3
 -6.39141663720626517605E-12  10   2   4   4
  3.25621965884237882593E-12  10   2   5   5
  3.26736377463588067031E-12  10   2   6   6
 -1.26542578328093686946E-02  10   2   7   1
  2.86898726507923670575E-11  10   2   7   2
 -2.52015198066224299170E-11  10   2   7   3
  2.28713887239514988836E-02  10   2   7   4
 -6.12660926879323075410E-12  10   2   7   7
  5.97911549711604897034E-03  10   2   8   5
 -8.64149731142814324760E-06  10   2   8   6
  1.74230396416338450440E-12  10   2   8   8
  8.64149731142809750782E-06  10   2   9   5
  5.97911549711604289881E-03  10   2   9   6
  1.73116641073711568013E-12  10   2   9   9
  2.05522196706876200678E-02  10   2  10   2
 -1.90320325461184568228E-02  10   2  10   3
  2.58636608249239714298E-11  10   2  10   4
 -7.28034951455370279300E-03  10   2  10   7
  1.20428092876066833274E-11  10   2  10  10
  2.92019091262127967621E-10  10   3   1   1
  1.30642196727748377549E-01  10   3   2   1
 -2.91950496984364715999E-10  10   3   2   2
  9.97230819913023968162E-04  10   3   3   1
 -1.11653256222876589619E-12  10   3   3   2
  7.13720759994895983255E-12  10   3   4   1
  6.38777242322809482578E-03  10   3   4   2
  6.02710771843904882794E-02  10   3   4   3
  1.81114408290368525400E-02  10   3   7   1
 -2.02332339563949349985E-11  10   3   7   2
 -4.96357861074495296250E-02  10   3   7   4
  6.61378194249917922276E-02  10   3   8   5
 -9.55876816596797025454E-05  10   3   8   6
  9.55876816596792417595E-05  10   3   9   5
  6.61378194249917089609E-02  10   3   9   6
 -2.12913238190824298523E-11  10   3  10   1
 -1.90320325461184429450E-02  10   3  10   2
  9.86435656515392000898E-02  10   3  10   3
 -5.45977861538336911584E-02  10   3  10   7
  6.24425002224554687169E-02  10   4   1   1
  6.23136098991690368099E-02  10   4   2   2
 -1.31426268107552873551E-12  10   4   3   1
 -1.17294739513430583931E-03  10   4   3   2
  7.94817662284121456695E-02  10   4   3   3
  4.61593755589516374638E-03  10   4   4   1
 -5.16306606883228678409E-12  10   4   4   2
  8.88754643214974791865E-03  10   4   4   4
  4.64450723730573181158E-02  10   4   5   5
  4.64450723730572417880E-02  10   4   6   6
  2.31547730389656009057E-11  10   4   7   1
  2.07267801680678688536E-02  10   4   7   2
 -9.72578770560298677683E-02  10   4   7   3
  1.28029110176505474088E-03  10   4   7   7
  3.99544763771866526247E-02  10   4   8   8
  3.99544763771866248692E-02  10   4   9   9
 -2.31546901821349307427E-02  10   4  10   1
  2.58636599488083619645E-11  10   4  10   2
  1.00212668409603120057E-01  10   4  10   4
  6.40158090750204827879E-02  10   4  10  10
 -4.43676394043019620833E-03  10   5   5   1
  4.96559639871214855722E-12  10   5   5   2
  1.45703277133301892926E-02  10   5   5   4
 -5.02525253862447456479E-12  10   5   8   1
 -4.50016868179733010163E-03  10   5   8   2
  2.08717781916055097891E-02  10   5   8   3
 -2.04972358970632526076E-02  10   5   8   7
 -6.50400474509679517998E-06  10   5   9   2
  3.01655680032403690450E-05  10   5   9   3
 -2.96242494364951740034E-05  10   5   9   7
  3.06037584734895756755E-02  10   5  10   5
 -4.43676394043018753471E-03  10   6   6   1
  4.95681723833649759986E-12  10   6   6   2
  1.45703277133301667412E-02  10   6   6   4
  6.50400474509682906130E-06  10   6   8   2
 -3.01655680032405215110E-05  10   6   8   3
  2.96242494364953230812E-05  10   6   8   7
 -5.02593966942574587452E-12  10   6   9   1
 -4.50016868179732403010E-03  10   6   9   2
  2.08717781916054855029E-02  10   6   9   3
 -2.04972358970632283215E-02  10   6   9   7
  3.06037584734895236338E-02  10   6  10   6
 -9.34496954493349610638E-10  10   7   1   1
 -4.18141240640069966616E-01  10   7   2   1
  9.34590845009130539749E-10  10   7   2   2
 -7.34933854793625666174E-03  10   7   3   1
  8.21041742683021565772E-12  10   7   3   2
 -7.74571287570852236587E-12  10   7   4   1
 -6.93559594747191702352E-03  10   7   4   2
 -2.33548239771167370771E-01  10   7   4   3
  2.66027417196475299971E-03  10   7   7   1
 -2.96663446286183214845E-12  10   7   7   2
 -1.33642078318161050543E-01  10   7   7   4
 -2.44882236451933077426E-01  10   7   8   5
  3.53923450539898160581E-04  10   7   8   6
 -3.53923450539896263228E-04  10   7   9   5
 -2.44882236451932799870E-01  10   7   9   6
 -8.14728184092717310402E-12  10   7  10   1
 -7.28034951455369325202E-03  10   7  10   2
 -5.45977861538337189140E-02  10   7  10   3
  2.72892630307467742856E-01  10   7  10   7
 -5.49547170796883787784E-12  10   8   5   1
 -4.92107127556533005541E-03  10   8   5   2
  2.86991556598044823823E-02  10   8   5   3
  7.11232693492133822129E-06  10   8   6   2
 -4.14783217675055080578E-05  10   8   6   3
 -2.38528138674628867322E-02  10   8   7   5
  3.44739998759177325134E-05  10   8   7   6
 -5.17268795227469272563E-03  10   8   8   1
  5.77974408626393014162E-12  10   8   8   2
  1.85091969647381143771E-02  10   8   8   4
  3.40403244392764453563E-02  10   8  10   8
 -7.11232693492129756371E-06  10   9   5   2
  4.14783217675053047699E-05  10   9   5   3
 -5.49615985131446612072E-12  10   9   6   1
 -4.92107127556532398388E-03  10   9   6   2
  2.86991556598044476878E-02  10   9   6   3
 -3.44739998759175563306E-05  10   9   7   5
 -2.38528138674628589766E-02  10   9   7   6
 -5.17268795227468925618E-03  10   9   9   1
  5.78851931561797620026E-12  10   9   9   2
  1.85091969647381074382E-02  10   9   9   4
  3.40403244392764314785E-02  10   9  10   9
  8.96738443970614418355E-01  10  10   1   1
  8.96701291042938830600E-01  10  10   2   2
  8.86900313170870422763E-12  10  10   3   1
  7.92968739118954553391E-03  10  10   3   2
  7.01733592891815027848E-01  10  10   3   3
  1.16257149426236012363E-02  10  10   4   1
 -1.29915582296782595147E-11  10  10   4   2
  6.59910057993056908821E-01  10  10   4   4
  6.60868400966922897588E-01  10  10   5   5
  6.60868400966921787365E-01  10  10   6   6
  1.48242443690935640436E-11  10  10   7   1
  1.32734163800462667132E-02  10  10   7   2
 -7.18895077850147390386E-02  10  10   7   3
  7.03169229080950475286E-01  10  10   7   7
  6.65268224832796795098E-01  10  10   8   8
  6.65268224832796462032E-01  10  10   9   9
 -1.07739073164555224787E-02  10  10  10   1
  1.20428240000213722599E-11  10  10  10   2
  6.40158090750204550323E-02  10  10  10   4
  7.71423954248851018178E-01  10  10  10  10
 -4.34216230214870648751E+01   1   1   0   0
 -1.95160987579699935463E-12   2   1   0   0
 -4.34233825831199098388E+01   2   2   0   0
 -7.75415067978657362693E-10   3   1   0   0
 -6.93765653015446015495E-01   3   2   0   0
 -1.24981181010480781879E+01   3   3   0   0
 -7.53207775667912970974E-01   4   1   0   0
  8.42024656634762223744E-10   4   2   0   0
 -1.19848770205446175652E+01   4   4   0   0
 -1.14958383920683822055E+01   5   5   0   0
 -1.14958383920683644419E+01   6   6   0   0
 -2.33262801649443835092E-10   7   1   0   0
 -2.08647144637227027753E-01   7   2   0   0
  6.22457426574750449788E-01   7   3   0   0
 -1.15942309461711978713E+01   7   7   0   0
 -1.15079613937532538870E+01   8   8   0   0
 -1.15079613937532485579E+01   9   9   0   0
 -1.09915044021765356819E-01  10   1   0   0
  1.22981702850871645353E-10  10   2   0   0
 -7.54830470232990213830E-01  10   4   0   0
 -1.20154649534143764811E+01  10  10   0   0
  3.07297764680552205618E+01   0   0   0   0
