&FCI
NORB=8,
NELEC=10,
MS2=0,
UHF=.FALSE.,
ORBSYM=1,1,1,1,1,1,1,1,
ISYM=1,
&END
  7.47064931087482175798E-01   1   1   1   1
  5.11913288145298128740E-01   1   1   2   2
  6.17082391673332675275E-01   1   1   3   3
  6.17082391673331787096E-01   1   1   4   4
 -1.08862885223233243903E-01   1   1   5   1
  5.42398336621589316486E-01   1   1   5   5
  5.95963503974141772801E-01   1   1   6   6
  5.95963503974141772801E-01   1   1   7   7
  7.35489030862896547847E-02   1   1   8   2
  7.24033177004428152301E-01   1   1   8   8
  5.65286589267699549066E-02   2   1   2   1
  9.31221472158539759212E-02   2   1   5   2
  9.45293118141344174132E-02   2   1   6   3
 -2.05960049243576956424E-02   2   1   6   4
  2.05960049243577268674E-02   2   1   7   3
  9.45293118141343480243E-02   2   1   7   4
  5.92221928759481749949E-02   2   1   8   1
 -5.48685413278474504173E-02   2   1   8   5
  5.11913288145298128740E-01   2   2   1   1
  5.45326915325882177754E-01   2   2   2   2
  5.09984071931957050339E-01   2   2   3   3
  5.09984071931956273183E-01   2   2   4   4
  1.14838443835019632551E-03   2   2   5   1
  5.57051321270391142093E-01   2   2   5   5
  5.35841023967276730566E-01   2   2   6   6
  5.35841023967276730566E-01   2   2   7   7
 -1.98001395345418634841E-02   2   2   8   2
  5.59424145977744480263E-01   2   2   8   8
  1.04943799421464492583E-01   3   1   3   1
  1.38382378602910499632E-02   3   1   5   3
  7.24039024758208610288E-02   3   1   6   2
  1.57753304590518353412E-02   3   1   7   2
  6.01945819282727126454E-02   3   1   8   6
  1.31151690626079946156E-02   3   1   8   7
  5.08861405000666927601E-02   3   2   3   2
  4.19559729777584169974E-02   3   2   6   1
  3.82295279787760039492E-02   3   2   6   5
  9.14134895803742075771E-03   3   2   7   1
  8.32943275896154931848E-03   3   2   7   5
  2.38321878360653570395E-02   3   2   8   3
  6.17082391673332675275E-01   3   3   1   1
  5.09984071931957050339E-01   3   3   2   2
  5.87969830836621354386E-01   3   3   3   3
  5.39998527202034006578E-01   3   3   4   4
 -4.69550195940173012432E-02   3   3   5   1
  5.17735759162315845039E-01   3   3   5   5
  5.84955841482562632905E-01   3   3   6   6
  9.51654052859410466703E-03   3   3   7   6
  5.43351314555512776572E-01   3   3   7   7
  4.16785953294911484801E-02   3   3   8   2
  6.19891668413363072787E-01   3   3   8   8
  1.04943799421464326049E-01   4   1   4   1
  1.38382378602910308812E-02   4   1   5   4
 -1.57753304590518110551E-02   4   1   6   2
  7.24039024758208055177E-02   4   1   7   2
 -1.31151690626079685947E-02   4   1   8   6
  6.01945819282726710120E-02   4   1   8   7
  5.08861405000666233711E-02   4   2   4   2
 -9.14134895803740687992E-03   4   2   6   1
 -8.32943275896153544069E-03   4   2   6   5
  4.19559729777583892418E-02   4   2   7   1
  3.82295279787759761936E-02   4   2   7   5
  2.38321878360653154061E-02   4   2   8   4
  2.39856518172930702204E-02   4   3   4   3
 -9.51654052859407864617E-03   4   3   6   6
  2.08022634635246540802E-02   4   3   7   6
  9.51654052859426773103E-03   4   3   7   7
  6.17082391673331676074E-01   4   4   1   1
  5.09984071931956273183E-01   4   4   2   2
  5.39998527202034117600E-01   4   4   3   3
  5.87969830836619467007E-01   4   4   4   4
 -4.69550195940171208320E-02   4   4   5   1
  5.17735759162315067883E-01   4   4   5   5
  5.43351314555511888393E-01   4   4   6   6
 -9.51654052859403701281E-03   4   4   7   6
  5.84955841482561744726E-01   4   4   7   7
  4.16785953294914399136E-02   4   4   8   2
  6.19891668413362406653E-01   4   4   8   8
 -1.08862885223233313292E-01   5   1   1   1
  1.14838443835017572567E-03   5   1   2   2
 -4.69550195940172318543E-02   5   1   3   3
 -4.69550195940171624653E-02   5   1   4   4
  5.16701847052528639992E-02   5   1   5   1
 -1.61646001000688953331E-02   5   1   5   5
 -2.92242110988342358724E-02   5   1   6   6
 -2.92242110988342358724E-02   5   1   7   7
 -2.97513216486275169914E-02   5   1   8   2
 -8.75463808217144673351E-02   5   1   8   8
  9.31221472158540036768E-02   5   2   2   1
  2.23510137976115574876E-01   5   2   5   2
  1.53807732339918207254E-01   5   2   6   3
 -3.35115611431287263589E-02   5   2   6   4
  3.35115611431287749311E-02   5   2   7   3
  1.53807732339918096232E-01   5   2   7   4
  5.67649782839815542079E-02   5   2   8   1
 -1.24394065136586642883E-01   5   2   8   5
  1.38382378602910499632E-02   5   3   3   1
  2.80590159141485342986E-02   5   3   5   3
  3.65628850042154160405E-02   5   3   6   2
  7.96630531994359757098E-03   5   3   7   2
 -4.44358052566546605101E-04   5   3   8   6
 -9.68165372538952917654E-05   5   3   8   7
  1.38382378602910326160E-02   5   4   4   1
  2.80590159141484961347E-02   5   4   5   4
 -7.96630531994358716263E-03   5   4   6   2
  3.65628850042153882849E-02   5   4   7   2
  9.68165372538964843878E-05   5   4   8   6
 -4.44358052566546442470E-04   5   4   8   7
  5.42398336621589205464E-01   5   5   1   1
  5.57051321270391253115E-01   5   5   2   2
  5.17735759162315845039E-01   5   5   3   3
  5.17735759162315067883E-01   5   5   4   4
 -1.61646001000689265581E-02   5   5   5   1
  5.84881081534309177350E-01   5   5   5   5
  5.40493122671831027759E-01   5   5   6   6
  5.40493122671831138781E-01   5   5   7   7
 -2.74353454628580920027E-02   5   5   8   2
  5.94050890591750313519E-01   5   5   8   8
  4.19559729777584239363E-02   6   1   3   2
 -9.14134895803740861464E-03   6   1   4   2
  4.42608754304606652474E-02   6   1   6   1
  2.49949009890966349079E-02   6   1   6   5
  3.32315607895038514497E-02   6   1   8   3
 -7.24047786373891322925E-03   6   1   8   4
  7.24039024758208610288E-02   6   2   3   1
 -1.57753304590518075856E-02   6   2   4   1
  3.65628850042154299183E-02   6   2   5   3
 -7.96630531994358542791E-03   6   2   5   4
  8.23645857997365032910E-02   6   2   6   2
  3.60414513054744603537E-02   6   2   8   6
  9.45293118141343896577E-02   6   3   2   1
  1.53807732339918290521E-01   6   3   5   2
  1.80051053664969040735E-01   6   3   6   3
 -3.50938797606138511154E-02   6   3   6   4
  3.50938797606138372376E-02   6   3   7   3
  1.42089120105868133015E-01   6   3   7   4
  9.98008553246675644832E-02   6   3   8   1
 -9.00663542833658875564E-02   6   3   8   5
 -2.05960049243576921729E-02   6   4   2   1
 -3.35115611431287332977E-02   6   4   5   2
 -3.50938797606138649932E-02   6   4   6   3
  2.66272058824603106986E-02   6   4   6   4
  1.13347276766400540532E-02   6   4   7   3
 -3.50938797606137400931E-02   6   4   7   4
 -2.17445665082543794500E-02   6   4   8   1
  1.96236176984605700802E-02   6   4   8   5
  3.82295279787760108881E-02   6   5   3   2
 -8.32943275896153544069E-03   6   5   4   2
  2.49949009890966418468E-02   6   5   6   1
  3.81585718520366032336E-02   6   5   6   5
  4.30174047379267010527E-03   6   5   8   3
 -9.37261324357752134175E-04   6   5   8   4
  5.95963503974141883823E-01   6   6   1   1
  5.35841023967276841589E-01   6   6   2   2
  5.84955841482562632905E-01   6   6   3   3
 -9.51654052859409078924E-03   6   6   4   3
  5.43351314555512110438E-01   6   6   4   4
 -2.92242110988342532196E-02   6   6   5   1
  5.40493122671831249804E-01   6   6   5   5
  6.04694900543410351901E-01   6   6   6   6
  5.54563122561702925850E-01   6   6   7   7
  2.84933556413600047597E-02   6   6   8   2
  6.21286053575077712452E-01   6   6   8   8
  9.14134895803742249243E-03   7   1   3   2
  4.19559729777583961807E-02   7   1   4   2
  4.42608754304606721863E-02   7   1   7   1
  2.49949009890966418468E-02   7   1   7   5
  7.24047786373892623968E-03   7   1   8   3
  3.32315607895038514497E-02   7   1   8   4
  1.57753304590518353412E-02   7   2   3   1
  7.24039024758208055177E-02   7   2   4   1
  7.96630531994359930570E-03   7   2   5   3
  3.65628850042154021627E-02   7   2   5   4
  8.23645857997365171688E-02   7   2   7   2
  3.60414513054744881093E-02   7   2   8   7
  2.05960049243577199285E-02   7   3   2   1
  3.35115611431287818700E-02   7   3   5   2
  3.50938797606138372376E-02   7   3   6   3
  1.13347276766400523185E-02   7   3   6   4
  2.66272058824603662097E-02   7   3   7   3
  3.50938797606138996876E-02   7   3   7   4
  2.17445665082544106750E-02   7   3   8   1
 -1.96236176984605978357E-02   7   3   8   5
  9.45293118141342925131E-02   7   4   2   1
  1.53807732339918096232E-01   7   4   5   2
  1.42089120105868077504E-01   7   4   6   3
 -3.50938797606137331542E-02   7   4   6   4
  3.50938797606139205043E-02   7   4   7   3
  1.80051053664968846446E-01   7   4   7   4
  9.98008553246673701942E-02   7   4   8   1
 -9.00663542833657487785E-02   7   4   8   5
  8.32943275896154931848E-03   7   5   3   2
  3.82295279787759761936E-02   7   5   4   2
  2.49949009890966453162E-02   7   5   7   1
  3.81585718520366032336E-02   7   5   7   5
  9.37261324357753218377E-04   7   5   8   3
  4.30174047379266143165E-03   7   5   8   4
  9.51654052859410640175E-03   7   6   3   3
  2.08022634635246471413E-02   7   6   4   3
 -9.51654052859403701281E-03   7   6   4   4
  2.50658889908531475055E-02   7   6   7   6
  5.95963503974141994846E-01   7   7   1   1
  5.35841023967276730566E-01   7   7   2   2
  5.43351314555512998616E-01   7   7   3   3
  9.51654052859424344490E-03   7   7   4   3
  5.84955841482561633704E-01   7   7   4   4
 -2.92242110988342913835E-02   7   7   5   1
  5.40493122671831027759E-01   7   7   5   5
  5.54563122561702925850E-01   7   7   6   6
  6.04694900543410129856E-01   7   7   7   7
  2.84933556413598590429E-02   7   7   8   2
  6.21286053575077601430E-01   7   7   8   8
  5.92221928759481819338E-02   8   1   2   1
  5.67649782839815958413E-02   8   1   5   2
  9.98008553246676199944E-02   8   1   6   3
 -2.17445665082544002666E-02   8   1   6   4
  2.17445665082544349611E-02   8   1   7   3
  9.98008553246675367276E-02   8   1   7   4
  1.06650363133265146942E-01   8   1   8   1
 -5.89005443500620340380E-02   8   1   8   5
  7.35489030862897380514E-02   8   2   1   1
 -1.98001395345419779759E-02   8   2   2   2
  4.16785953294913288913E-02   8   2   3   3
  4.16785953294912664413E-02   8   2   4   4
 -2.97513216486275343386E-02   8   2   5   1
 -2.74353454628580330221E-02   8   2   5   5
  2.84933556413598798596E-02   8   2   6   6
  2.84933556413598833290E-02   8   2   7   7
  4.79223527804005650088E-02   8   2   8   2
  4.56795207135174616275E-02   8   2   8   8
  2.38321878360653396922E-02   8   3   3   2
  3.32315607895038306330E-02   8   3   6   1
  4.30174047379264755386E-03   8   3   6   5
  7.24047786373892450495E-03   8   3   7   1
  9.37261324357758097287E-04   8   3   7   5
  3.53280613617347818978E-02   8   3   8   3
  2.38321878360653188755E-02   8   4   4   2
 -7.24047786373891236189E-03   8   4   6   1
 -9.37261324357751375233E-04   8   4   6   5
  3.32315607895038306330E-02   8   4   7   1
  4.30174047379265102331E-03   8   4   7   5
  3.53280613617347125088E-02   8   4   8   4
 -5.48685413278474157228E-02   8   5   2   1
 -1.24394065136586476350E-01   8   5   5   2
 -9.00663542833657626563E-02   8   5   6   3
  1.96236176984605700802E-02   8   5   6   4
 -1.96236176984606047746E-02   8   5   7   3
 -9.00663542833657071451E-02   8   5   7   4
 -5.89005443500619438324E-02   8   5   8   1
  9.18568149419134727385E-02   8   5   8   5
  6.01945819282727334620E-02   8   6   3   1
 -1.31151690626079703295E-02   8   6   4   1
 -4.44358052566528282084E-04   8   6   5   3
  9.68165372538946141390E-05   8   6   5   4
  3.60414513054744881093E-02   8   6   6   2
  4.71495245237832233398E-02   8   6   8   6
  1.31151690626079894114E-02   8   7   3   1
  6.01945819282726640731E-02   8   7   4   1
 -9.68165372538976092475E-05   8   7   5   3
 -4.44358052566535817289E-04   8   7   5   4
  3.60414513054744603537E-02   8   7   7   2
  4.71495245237831747676E-02   8   7   8   7
  7.24033177004428374346E-01   8   8   1   1
  5.59424145977744147196E-01   8   8   2   2
  6.19891668413363072787E-01   8   8   3   3
  6.19891668413362073586E-01   8   8   4   4
 -8.75463808217145506019E-02   8   8   5   1
  5.94050890591750202496E-01   8   8   5   5
  6.21286053575077712452E-01   8   8   6   6
  6.21286053575077712452E-01   8   8   7   7
  4.56795207135169273327E-02   8   8   8   2
  7.59961742812999774266E-01   8   8   8   8
 -6.44599620395339734102E+00   1   1   0   0
 -5.06426657995228257647E+00   2   2   0   0
 -5.32082048033906929163E+00   3   3   0   0
 -5.32082048033906129803E+00   4   4   0   0
  4.31349417759132880423E-01   5   1   0   0
 -5.06218171278357864651E+00   5   5   0   0
 -4.94973622745318664329E+00   6   6   0   0
 -4.94973622745318575511E+00   7   7   0   0
 -2.56648853618959227330E-01   8   2   0   0
 -4.80086139921749843751E+00   8   8   0   0
 -7.64385588833104918649E+01   0   0   0   0
