&FCI NORB=10, NELEC=14, MS2=0, UHF=.FALSE., ORBSYM=1,1,1,1,4,2,2,2,2,3, ISYM=1, &END
  2.32933338015927171583E+00   1   1   1   1
  1.98583181914211842622E-01   1   1   2   1
  8.30825461048351865401E-01   1   1   2   2
  7.05948933594275684911E-01   1   1   3   3
  8.21830203339901504966E-02   1   1   4   1
 -7.61006147524436044050E-02   1   1   4   2
  6.97945111746673507724E-01   1   1   4   4
  7.46980279084108356180E-01   1   1   5   5
  2.32996194262984168688E+00   1   1   6   6
  1.87832194712536121317E-01   1   1   7   6
  6.76182510416937776476E-01   1   1   7   7
  7.46980279084108911292E-01   1   1   8   8
  1.32085433519851941364E-01   1   1   9   6
  3.96363254460620553776E-02   1   1   9   7
  9.27524603559144567022E-01   1   1   9   9
  7.05948933594275351844E-01   1   1  10  10
  1.98583181914211925889E-01   2   1   1   1
  3.44274888513888821517E-02   2   1   2   1
 -3.68186950959490397542E-03   2   1   2   2
  6.19348423597932806056E-04   2   1   3   3
  5.61701448177422558300E-03   2   1   4   1
  7.69972231412959992602E-03   2   1   4   2
  9.75449264441188672314E-03   2   1   4   4
  6.38286102580040096838E-03   2   1   5   5
  1.98651926073974055553E-01   2   1   6   6
  2.57413328870924468239E-02   2   1   7   6
  1.36147890902496987442E-02   2   1   7   7
  6.38286102580045040800E-03   2   1   8   8
  3.08771054615896746454E-02   2   1   9   6
 -3.68181647612458298399E-03   2   1   9   7
  6.12918524545029777539E-03   2   1   9   9
  6.19348423597908736768E-04   2   1  10  10
  8.30825461048351865401E-01   2   2   1   1
 -3.68186950959488445978E-03   2   2   2   1
  7.85693092126752645754E-01   2   2   2   2
  6.41643225856512677829E-01   2   2   3   3
  2.85533558004895625382E-02   2   2   4   1
 -1.08380260027753486107E-01   2   2   4   2
  5.53315338495480535386E-01   2   2   4   4
  6.15156375950266620656E-01   2   2   5   5
  8.30814055128827333441E-01   2   2   6   6
  2.11592402578773854105E-02   2   2   7   6
  5.22808680643074064065E-01   2   2   7   7
  6.15156375950267175767E-01   2   2   8   8
 -2.45968120772251316875E-02   2   2   9   6
  6.79988787524928584016E-02   2   2   9   7
  7.47680559537085898114E-01   2   2   9   9
  6.41643225856512455785E-01   2   2  10  10
  9.83553989744679300899E-03   3   1   3   1
 -1.78193716046824712773E-02   3   1   3   2
 -4.91560355869296184556E-03   3   1   4   3
  1.22105433869162706417E-02   3   1   8   6
 -1.57029728303055386707E-02   3   1   8   7
 -1.22338371586025451698E-02   3   1   9   8
 -1.78193716046824712773E-02   3   2   3   1
  1.12164292392588585412E-01   3   2   3   2
  1.57689437159163683977E-02   3   2   4   3
 -2.00731757231031419930E-02   3   2   8   6
  7.40495272108266239242E-02   3   2   8   7
  6.72340410100706886709E-02   3   2   9   8
  7.05948933594275573888E-01   3   3   1   1
  6.19348423597909278869E-04   3   3   2   1
  6.41643225856512788852E-01   3   3   2   2
  6.05281445078877378130E-01   3   3   3   3
  9.91182069845978133693E-03   3   3   4   1
 -4.78402216697998011741E-02   3   3   4   2
  5.25818446679003570488E-01   3   3   4   4
  5.53599932170075081928E-01   3   3   5   5
  7.05974251392609275513E-01   3   3   6   6
  8.37929432239645048675E-03   3   3   7   6
  5.17385197133633623068E-01   3   3   7   7
  6.00408619475941818244E-01   3   3   8   8
 -7.69152437747424970460E-03   3   3   9   6
  3.93821180475972740243E-02   3   3   9   7
  6.36522229193261845914E-01   3   3   9   9
  5.54494982474066255840E-01   3   3  10  10
  8.21830203339902476412E-02   4   1   1   1
  5.61701448177423512398E-03   4   1   2   1
  2.85533558004895590687E-02   4   1   2   2
  9.91182069845977266331E-03   4   1   3   3
  1.44493960907327023691E-02   4   1   4   1
 -1.24833970738865238786E-02   4   1   4   2
 -2.72690334659560391917E-03   4   1   4   4
  5.37098390019112928440E-03   4   1   5   5
  8.22603150458797172107E-02   4   1   6   6
  1.51093598457343481628E-02   4   1   7   6
 -4.85203912120390264823E-03   4   1   7   7
  5.37098390019117265248E-03   4   1   8   8
 -7.42808346738872693482E-03   4   1   9   6
  1.14752137810282366093E-02   4   1   9   7
  2.29056607147237571709E-02   4   1   9   9
  9.91182069845977613276E-03   4   1  10  10
 -7.61006147524434656271E-02   4   2   1   1
  7.69972231412960773228E-03   4   2   2   1
 -1.08380260027753555496E-01   4   2   2   2
 -4.78402216697998636241E-02   4   2   3   3
 -1.24833970738865446953E-02   4   2   4   1
  4.58357919312648021126E-02   4   2   4   2
 -1.91787103188959875966E-02   4   2   4   4
 -3.02717089011418881428E-02   4   2   5   5
 -7.60659330215556206412E-02   4   2   6   6
 -5.58370086154839559422E-03   4   2   7   6
 -2.63552541613321610059E-03   4   2   7   7
 -3.02717089011417805899E-02   4   2   8   8
  1.62094431542602994412E-02   4   2   9   6
 -2.23980935503666801767E-02   4   2   9   7
 -8.49685854774199916806E-02   4   2   9   9
 -4.78402216697998081130E-02   4   2  10  10
 -4.91560355869296097819E-03   4   3   3   1
  1.57689437159163545199E-02   4   3   3   2
  2.83954351059909348987E-02   4   3   4   3
 -6.51080093890932330020E-03   4   3   8   6
  3.96367285192803300853E-02   4   3   8   7
  3.14794618400985682163E-03   4   3   9   8
  6.97945111746673507724E-01   4   4   1   1
  9.75449264441190753983E-03   4   4   2   1
  5.53315338495480535386E-01   4   4   2   2
  5.25818446679003570488E-01   4   4   3   3
 -2.72690334659554797433E-03   4   4   4   1
 -1.91787103188958835132E-02   4   4   4   2
  5.94602240788894564893E-01   4   4   4   4
  5.52203585604278512911E-01   4   4   5   5
  6.97934685870274185149E-01   4   4   6   6
  3.41894099339032668181E-03   4   4   7   6
  5.69025262012091803676E-01   4   4   7   7
  5.52203585604278957000E-01   4   4   8   8
  1.28213232496884235040E-02   4   4   9   6
 -3.19751254307954410616E-02   4   4   9   7
  6.04522931650282036031E-01   4   4   9   9
  5.25818446679003459465E-01   4   4  10  10
  7.46980279084108356180E-01   5   5   1   1
  6.38286102580038275378E-03   5   5   2   1
  6.15156375950266620656E-01   5   5   2   2
  5.53599932170074970905E-01   5   5   3   3
  5.37098390019114749899E-03   5   5   4   1
 -3.02717089011419540623E-02   5   5   4   2
  5.52203585604278512911E-01   5   5   4   4
  6.19204842168616931275E-01   5   5   5   5
  7.47035188442462305680E-01   5   5   6   6
  7.94714971748497131521E-03   5   5   7   6
  5.46479508097794552945E-01   5   5   7   7
  5.67758588044931289396E-01   5   5   8   8
  6.27542042916021786635E-04   5   5   9   6
  2.46755423368851603549E-02   5   5   9   7
  6.37540579553092623399E-01   5   5   9   9
  6.00408619475941707222E-01   5   5  10  10
  2.32996194262984124279E+00   6   6   1   1
  1.98651926073973916775E-01   6   6   2   1
  8.30814055128827222418E-01   6   6   2   2
  7.05974251392609275513E-01   6   6   3   3
  8.22603150458796755773E-02   6   6   4   1
 -7.60659330215557732968E-02   6   6   4   2
  6.97934685870274296171E-01   6   6   4   4
  7.47035188442461972613E-01   6   6   5   5
  2.33059138164020174244E+00   6   6   6   6
  1.87935513331251663471E-01   6   6   7   6
  6.76208482139305289138E-01   6   6   7   7
  7.47035188442462638747E-01   6   6   8   8
  1.32069982307774086427E-01   6   6   9   6
  3.96688213614719009659E-02   6   6   9   7
  9.27563053580284901933E-01   6   6   9   9
  7.05974251392609275513E-01   6   6  10  10
  1.87832194712535899273E-01   7   6   1   1
  2.57413328870924051905E-02   7   6   2   1
  2.11592402578773923494E-02   7   6   2   2
  8.37929432239647477287E-03   7   6   3   3
  1.51093598457343342850E-02   7   6   4   1
 -5.58370086154841727827E-03   7   6   4   2
  3.41894099339033145230E-03   7   6   4   4
  7.94714971748495223325E-03   7   6   5   5
  1.87935513331251830005E-01   7   6   6   6
  2.80495387304281681984E-02   7   6   7   6
  4.04551558175863558431E-03   7   6   7   7
  7.94714971748497998882E-03   7   6   8   8
  1.30923937476976077338E-02   7   6   9   6
  7.19547015721764150059E-03   7   6   9   7
  2.21068060529020157801E-02   7   6   9   9
  8.37929432239646262981E-03   7   6  10  10
  6.76182510416937665454E-01   7   7   1   1
  1.36147890902496952747E-02   7   7   2   1
  5.22808680643073953043E-01   7   7   2   2
  5.17385197133633623068E-01   7   7   3   3
 -4.85203912120389050516E-03   7   7   4   1
 -2.63552541613319094710E-03   7   7   4   2
  5.69025262012091803676E-01   7   7   4   4
  5.46479508097794552945E-01   7   7   5   5
  6.76208482139305289138E-01   7   7   6   6
  4.04551558175867461559E-03   7   7   7   6
  5.57155921654348462724E-01   7   7   7   7
  5.46479508097794997035E-01   7   7   8   8
  1.72028652596796505225E-02   7   7   9   6
 -2.38849429293724949130E-02   7   7   9   7
  5.71869205740650254910E-01   7   7   9   9
  5.17385197133633290001E-01   7   7  10  10
  1.22105433869162689070E-02   8   6   3   1
 -2.00731757231031419930E-02   8   6   3   2
 -6.51080093890932243283E-03   8   6   4   3
  1.52356513450916039587E-02   8   6   8   6
 -1.89106033089494925126E-02   8   6   8   7
 -1.38367287466732592077E-02   8   6   9   8
 -1.57029728303055386707E-02   8   7   3   1
  7.40495272108266378019E-02   8   7   3   2
  3.96367285192803231464E-02   8   7   4   3
 -1.89106033089494890431E-02   8   7   8   6
  8.26687523183479572308E-02   8   7   8   7
  3.87552536201495323454E-02   8   7   9   8
  7.46980279084108911292E-01   8   8   1   1
  6.38286102580048857191E-03   8   8   2   1
  6.15156375950267175767E-01   8   8   2   2
  6.00408619475941818244E-01   8   8   3   3
  5.37098390019120647959E-03   8   8   4   1
 -3.02717089011417944677E-02   8   8   4   2
  5.52203585604278957000E-01   8   8   4   4
  5.67758588044931289396E-01   8   8   5   5
  7.47035188442462749769E-01   8   8   6   6
  7.94714971748497651938E-03   8   8   7   6
  5.46479508097795108057E-01   8   8   7   7
  6.19204842168617819453E-01   8   8   8   8
  6.27542042916019401390E-04   8   8   9   6
  2.46755423368851777022E-02   8   8   9   7
  6.37540579553092512377E-01   8   8   9   9
  5.53599932170075192950E-01   8   8  10  10
  1.32085433519851913609E-01   9   6   1   1
  3.08771054615896885231E-02   9   6   2   1
 -2.45968120772250727069E-02   9   6   2   2
 -7.69152437747426791920E-03   9   6   3   3
 -7.42808346738873387372E-03   9   6   4   1
  1.62094431542603063801E-02   9   6   4   2
  1.28213232496883731970E-02   9   6   4   4
  6.27542042916000753112E-04   9   6   5   5
  1.32069982307774030916E-01   9   6   6   6
  1.30923937476976181421E-02   9   6   7   6
  1.72028652596796297058E-02   9   6   7   7
  6.27542042916044771721E-04   9   6   8   8
  3.98127204190917502458E-02   9   6   9   6
 -1.36874385593251188947E-02   9   6   9   7
 -1.18760062218803315315E-02   9   6   9   9
 -7.69152437747422281639E-03   9   6  10  10
  3.96363254460619721109E-02   9   7   1   1
 -3.68181647612461681110E-03   9   7   2   1
  6.79988787524928861572E-02   9   7   2   2
  3.93821180475970936130E-02   9   7   3   3
  1.14752137810281932412E-02   9   7   4   1
 -2.23980935503666281350E-02   9   7   4   2
 -3.19751254307954480005E-02   9   7   4   4
  2.46755423368852123966E-02   9   7   5   5
  3.96688213614720744382E-02   9   7   6   6
  7.19547015721763195961E-03   9   7   7   6
 -2.38849429293722693990E-02   9   7   7   7
  2.46755423368852297439E-02   9   7   8   8
 -1.36874385593251414461E-02   9   7   9   6
  4.56705894683915938903E-02   9   7   9   7
  3.60802407432783411867E-02   9   7   9   9
  3.93821180475973989243E-02   9   7  10  10
 -1.22338371586025364962E-02   9   8   3   1
  6.72340410100706747931E-02   9   8   3   2
  3.14794618400985465323E-03   9   8   4   3
 -1.38367287466732574730E-02   9   8   8   6
  3.87552536201494976509E-02   9   8   8   7
  5.05856941934951023776E-02   9   8   9   8
  9.27524603559144344977E-01   9   9   1   1
  6.12918524545014511973E-03   9   9   2   1
  7.47680559537086120159E-01   9   9   2   2
  6.36522229193262067959E-01   9   9   3   3
  2.29056607147236773736E-02   9   9   4   1
 -8.49685854774199778028E-02   9   9   4   2
  6.04522931650281702964E-01   9   9   4   4
  6.37540579553092290332E-01   9   9   5   5
  9.27563053580285457045E-01   9   9   6   6
  2.21068060529020470051E-02   9   9   7   6
  5.71869205740650476955E-01   9   9   7   7
  6.37540579553092734422E-01   9   9   8   8
 -1.18760062218802361217E-02   9   9   9   6
  3.60802407432788060926E-02   9   9   9   7
  7.72827141644082060701E-01   9   9   9   9
  6.36522229193261068758E-01   9   9  10  10
  7.05948933594275351844E-01  10  10   1   1
  6.19348423597898978948E-04  10  10   2   1
  6.41643225856512566807E-01  10  10   2   2
  5.54494982474066366862E-01  10  10   3   3
  9.91182069845977092859E-03  10  10   4   1
 -4.78402216697997734185E-02  10  10   4   2
  5.25818446679003459465E-01  10  10   4   4
  6.00408619475941707222E-01  10  10   5   5
  7.05974251392609164490E-01  10  10   6   6
  8.37929432239642967006E-03  10  10   7   6
  5.17385197133633290001E-01  10  10   7   7
  5.53599932170075192950E-01  10  10   8   8
 -7.69152437747430521575E-03  10  10   9   6
  3.93821180475971491242E-02  10  10   9   7
  6.36522229193260846714E-01  10  10   9   9
  6.05281445078877045063E-01  10  10  10  10
  1.44155851093238952798E-02   5   1   5   1
 -1.33161839405721103141E-02   5   1   5   2
 -9.19093104735475667499E-03   5   1   5   4
  1.14412823711410871486E-02   5   1  10   6
 -1.31207939616936764687E-02   5   1  10   7
 -1.06409964730467786198E-02   5   1  10   9
 -1.33161839405721103141E-02   5   2   5   1
  4.13399801614603712441E-02   5   2   5   2
  2.53364528280961287532E-02   5   2   5   4
 -1.10614740943270218471E-02   5   2  10   6
  3.94369797984164965898E-02   5   2  10   7
  3.48105717999647248928E-02   5   2  10   9
  1.87028174571092810352E-02   5   3   5   3
  1.87028174571092949130E-02   5   3  10   8
 -9.19093104735475667499E-03   5   4   5   1
  2.53364528280961322226E-02   5   4   5   2
  4.09441414821328161788E-02   5   4   5   4
 -7.25676690366988674796E-03   5   4  10   6
  4.01965355402744972668E-02   5   4  10   7
  7.66605881281935425814E-03   5   4  10   9
  1.14412823711410906180E-02  10   6   5   1
 -1.10614740943270218471E-02  10   6   5   2
 -7.25676690366988501324E-03  10   6   5   4
  9.09948985113688546544E-03  10   6  10   6
 -1.06665493003304332614E-02  10   6  10   7
 -9.04372480778714918359E-03  10   6  10   9
 -1.31207939616936764687E-02  10   7   5   1
  3.94369797984164896509E-02  10   7   5   2
  4.01965355402744903279E-02  10   7   5   4
 -1.06665493003304315267E-02  10   7  10   6
  4.77550448865715418401E-02  10   7  10   7
  2.46008703564945946374E-02  10   7  10   9
  1.87028174571092914436E-02  10   8   5   3
  1.87028174571092914436E-02  10   8  10   8
 -1.06409964730467820893E-02  10   9   5   1
  3.48105717999647248928E-02  10   9   5   2
  7.66605881281935425814E-03  10   9   5   4
 -9.04372480778715265304E-03  10   9  10   6
  2.46008703564946015763E-02  10   9  10   7
  3.67449031322545222045E-02  10   9  10   9
  1.80028277564562566582E+00   6   1   6   1
  2.08911479924728554769E-01   6   1   6   2
  6.35497554756430937939E-02   6   1   6   4
  1.78594868781508819833E-01   6   1   7   1
  1.51168166680981652661E-01   6   1   7   2
  2.52636421191776705530E-01   6   1   7   4
  2.62577502572481358278E-01   6   1   8   3
  1.53055292483032401307E-01   6   1   9   1
  2.32958218297900337967E-01   6   1   9   2
 -1.81110973072007824802E-01   6   1   9   4
  2.62577502572481302767E-01   6   1  10   5
  2.08911479924728610280E-01   6   2   6   1
  3.40558806761896148974E-02   6   2   6   2
  6.33083230927282067380E-03   6   2   6   4
  2.60947513235376508944E-02   6   2   7   1
  8.78988260371873011967E-03   6   2   7   2
  1.60431838992817522860E-02   6   2   7   4
  1.02792823499348734417E-02   6   2   8   3
  3.01397792585914696406E-02   6   2   9   1
  6.82509441914277460717E-03   6   2   9   2
 -8.21223519184295647211E-03   6   2   9   4
  1.02792823499348699723E-02   6   2  10   5
  9.09948985113689240434E-03   6   3   6   3
 -1.06665493003304367309E-02   6   3   7   3
  1.14412823711410958222E-02   6   3   8   1
 -1.10614740943270235818E-02   6   3   8   2
 -7.25676690366988674796E-03   6   3   8   4
 -9.04372480778715785721E-03   6   3   9   3
  6.35497554756431076717E-02   6   4   6   1
  6.33083230927282587797E-03   6   4   6   2
  1.31667403331321639093E-02   6   4   6   4
  1.44529186943917805491E-02   6   4   7   1
 -1.09342238592297319281E-03   6   4   7   2
 -1.60450361206407980663E-02   6   4   7   4
 -4.91385876397007828609E-03   6   4   8   3
 -6.04713131591132213583E-03   6   4   9   1
  9.49492445544428825821E-03   6   4   9   2
  4.12815747178106769166E-03   6   4   9   4
 -4.91385876397006961247E-03   6   4  10   5
  1.78594868781508930855E-01   7   1   6   1
  2.60947513235376613028E-02   7   1   6   2
  1.44529186943917805491E-02   7   1   6   4
  2.76890631616957295924E-02   7   1   7   1
  4.35146728277223133335E-03   7   1   7   2
 -3.43449829059717893706E-03   7   1   7   4
  1.96124621914775965764E-03   7   1   8   3
  1.37935383378381716535E-02   7   1   9   1
  1.15094067820399603708E-02   7   1   9   2
 -1.39325297027378686848E-03   7   1   9   4
  1.96124621914776009132E-03   7   1  10   5
  1.51168166680981624905E-01   7   2   6   1
  8.78988260371873011967E-03   7   2   6   2
 -1.09342238592297427702E-03   7   2   6   4
  4.35146728277223046599E-03   7   2   7   1
  4.44333342454942409328E-02   7   2   7   2
  8.32373185902661044677E-02   7   2   7   4
  8.34070109553890631782E-02   7   2   8   3
  7.86316821756580762448E-03   7   2   9   1
  5.42248361591437591511E-02   7   2   9   2
 -4.22597664366183775608E-02   7   2   9   4
  8.34070109553889937892E-02   7   2  10   5
 -1.06665493003304384656E-02   7   3   6   3
  4.77550448865715834734E-02   7   3   7   3
 -1.31207939616936816729E-02   7   3   8   1
  3.94369797984165243454E-02   7   3   8   2
  4.01965355402745180835E-02   7   3   8   4
  2.46008703564946258624E-02   7   3   9   3
  2.52636421191776761042E-01   7   4   6   1
  1.60431838992817453471E-02   7   4   6   2
 -1.60450361206408050052E-02   7   4   6   4
 -3.43449829059717676866E-03   7   4   7   1
  8.32373185902661183455E-02   7   4   7   2
  2.34337306681335122427E-01   7   4   7   4
  1.57975998104408210665E-01   7   4   8   3
  2.74243765629070546108E-02   7   4   9   1
  6.66165398855846774273E-02   7   4   9   2
 -1.20695643334481239606E-01   7   4   9   4
  1.57975998104408044131E-01   7   4  10   5
  1.14412823711410940875E-02   8   1   6   3
 -1.31207939616936799382E-02   8   1   7   3
  1.44155851093239022187E-02   8   1   8   1
 -1.33161839405721155183E-02   8   1   8   2
 -9.19093104735475840972E-03   8   1   8   4
 -1.06409964730467838240E-02   8   1   9   3
 -1.10614740943270235818E-02   8   2   6   3
  3.94369797984165312843E-02   8   2   7   3
 -1.33161839405721172530E-02   8   2   8   1
  4.13399801614604059385E-02   8   2   8   2
  2.53364528280961530393E-02   8   2   8   4
  3.48105717999647734651E-02   8   2   9   3
  2.62577502572481358278E-01   8   3   6   1
  1.02792823499348734417E-02   8   3   6   2
 -4.91385876397008349026E-03   8   3   6   4
  1.96124621914775705556E-03   8   3   7   1
  8.34070109553890909337E-02   8   3   7   2
  1.57975998104408182909E-01   8   3   7   4
  1.78510043783800309569E-01   8   3   8   3
  1.05306898487913368906E-02   8   3   9   1
  1.02601254319678980576E-01   8   3   9   2
 -8.11022164410978019244E-02   8   3   9   4
  1.41104408869581310348E-01   8   3  10   5
 -7.25676690366988761532E-03   8   4   6   3
  4.01965355402745180835E-02   8   4   7   3
 -9.19093104735475840972E-03   8   4   8   1
  2.53364528280961461004E-02   8   4   8   2
  4.09441414821328508733E-02   8   4   8   4
  7.66605881281939849359E-03   8   4   9   3
  1.53055292483032512330E-01   9   1   6   1
  3.01397792585914835184E-02   9   1   6   2
 -6.04713131591131693165E-03   9   1   6   4
  1.37935383378381664493E-02   9   1   7   1
  7.86316821756581456337E-03   9   1   7   2
  2.74243765629070199163E-02   9   1   7   4
  1.05306898487913507684E-02   9   1   8   3
  3.84168225418437606078E-02   9   1   9   1
 -4.03572643214955475294E-03   9   1   9   2
 -1.08169640792450429123E-02   9   1   9   4
  1.05306898487913837281E-02   9   1  10   5
  2.32958218297900448990E-01   9   2   6   1
  6.82509441914277981134E-03   9   2   6   2
  9.49492445544428999293E-03   9   2   6   4
  1.15094067820399759833E-02   9   2   7   1
  5.42248361591437522122E-02   9   2   7   2
  6.66165398855847051829E-02   9   2   7   4
  1.02601254319678938942E-01   9   2   8   3
 -4.03572643214953827306E-03   9   2   9   1
  1.05842956793324866061E-01   9   2   9   2
 -5.48483755926062882535E-02   9   2   9   4
  1.02601254319678911187E-01   9   2  10   5
 -9.04372480778715785721E-03   9   3   6   3
  2.46008703564946154541E-02   9   3   7   3
 -1.06409964730467803545E-02   9   3   8   1
  3.48105717999647665262E-02   9   3   8   2
  7.66605881281939502414E-03   9   3   8   4
  3.67449031322545985323E-02   9   3   9   3
 -1.81110973072007769291E-01   9   4   6   1
 -8.21223519184294606377E-03   9   4   6   2
  4.12815747178107463056E-03   9   4   6   4
 -1.39325297027378947057E-03   9   4   7   1
 -4.22597664366183289886E-02   9   4   7   2
 -1.20695643334481197972E-01   9   4   7   4
 -8.11022164410978435578E-02   9   4   8   3
 -1.08169640792450567901E-02   9   4   9   1
 -5.48483755926061841701E-02   9   4   9   2
  8.28909409640029570809E-02   9   4   9   4
 -8.11022164410979407023E-02   9   4  10   5
  2.62577502572481247256E-01  10   5   6   1
  1.02792823499348630334E-02  10   5   6   2
 -4.91385876397006961247E-03  10   5   6   4
  1.96124621914775315243E-03  10   5   7   1
  8.34070109553890076670E-02  10   5   7   2
  1.57975998104408016376E-01  10   5   7   4
  1.41104408869581282593E-01  10   5   8   3
  1.05306898487913438295E-02  10   5   9   1
  1.02601254319678938942E-01  10   5   9   2
 -8.11022164410979129467E-02  10   5   9   4
  1.78510043783800226302E-01  10   5  10   5
  1.52356513450915970198E-02   6   5   6   5
 -1.89106033089494821042E-02   6   5   7   5
 -1.38367287466732661466E-02   6   5   9   5
  1.22105433869162602334E-02   6   5  10   1
 -2.00731757231031315847E-02   6   5  10   2
 -6.51080093890931722866E-03   6   5  10   4
 -1.89106033089494821042E-02   7   5   6   5
  8.26687523183479017197E-02   7   5   7   5
  3.87552536201494490786E-02   7   5   9   5
 -1.57029728303055282623E-02   7   5  10   1
  7.40495272108265822908E-02   7   5  10   2
  3.96367285192803162075E-02   7   5  10   4
  2.57231270618429562480E-02   8   5   8   5
  2.34043436529331426443E-02   8   5  10   3
 -1.38367287466732574730E-02   9   5   6   5
  3.87552536201494629564E-02   9   5   7   5
  5.05856941934949982942E-02   9   5   9   5
 -1.22338371586025260879E-02   9   5  10   1
  6.72340410100706609153E-02   9   5  10   2
  3.14794618400984120912E-03   9   5  10   4
  1.22105433869162619681E-02  10   1   6   5
 -1.57029728303055282623E-02  10   1   7   5
 -1.22338371586025243531E-02  10   1   9   5
  9.83553989744678780482E-03  10   1  10   1
 -1.78193716046824643384E-02  10   1  10   2
 -4.91560355869295490666E-03  10   1  10   4
 -2.00731757231031315847E-02  10   2   6   5
  7.40495272108265822908E-02  10   2   7   5
  6.72340410100706470375E-02  10   2   9   5
 -1.78193716046824608690E-02  10   2  10   1
  1.12164292392588543779E-01  10   2  10   2
  1.57689437159163579893E-02  10   2  10   4
  2.34043436529331391749E-02  10   3   8   5
  2.53932313024053425699E-02  10   3  10   3
 -6.51080093890931896339E-03  10   4   6   5
  3.96367285192803092686E-02  10   4   7   5
  3.14794618400984251017E-03  10   4   9   5
 -4.91560355869295403930E-03  10   4  10   1
  1.57689437159163614588E-02  10   4  10   2
  2.83954351059909557153E-02  10   4  10   4
 -2.78857412771303891930E+01   1   1   0   0
 -4.76250902743392490191E-01   2   1   0   0
 -9.98485953930793357358E+00   2   2   0   0
 -8.32128204931047932291E+00   3   3   0   0
 -2.73031761050133214841E-01   4   1   0   0
  7.55255218631433855592E-01   4   2   0   0
 -7.93470033658361106887E+00   4   4   0   0
 -8.00254899121997276268E+00   5   5   0   0
 -2.78850360134210824015E+01   6   6   0   0
 -5.00284854454001504109E-01   7   6   0   0
 -7.79516916763770684184E+00   7   7   0   0
 -8.00254899121997986811E+00   8   8   0   0
 -2.23190641098786862750E-01   9   6   0   0
 -3.54677014619996566758E-01   9   7   0   0
 -8.33274033297056071490E+00   9   9   0   0
 -8.32128204931047577020E+00  10  10   0   0
 -1.55594581390578579061E+01   1   0   0   0
 -1.54014459351748311811E+00   2   0   0   0
 -6.46086874361034735337E-01   3   0   0   0
 -5.64949988692624471831E-01   4   0   0   0
  3.29394013297241716742E-01   5   0   0   0
 -1.55546196426989418171E+01   6   0   0   0
 -7.10041710498072409230E-01   7   0   0   0
  3.29394013297639121074E-01   8   0   0   0
  1.38558914447571379647E+00   9   0   0   0
 -6.46086874360763396830E-01  10   0   0   0
  2.59296833228300016572E+01   0   0   0   0
