 &FCI NORB=  10,NELEC=14,MS2=0,
  ORBSYM=1,1,1,1,1,1,1,1,1,1,
  ISYM=1,
 &END
 2.306785629651522    1    1    1    1
 -1.998815486268071e-11    1    1    2    1
 2.306268067879365    1    1    2    2
 -0.1914199821376225    1    1    3    1
 1.125183689733831e-12    1    1    3    2
 0.7867267173919814    1    1    3    3
 -3.074069678802392e-12    1    1    4    1
 0.1915329909281034    1    1    4    2
 1.883057023127551e-12    1    1    4    3
 0.6671147519462115    1    1    4    4
 0.687914878293658    1    1    5    5
 0.687914878293658    1    1    6    6
 0.08358377972610022    1    1    7    1
 -2.844147960493669e-13    1    1    7    2
 0.06546247446445225    1    1    7    3
 -2.763312004522199e-12    1    1    7    4
 0.6853586978963971    1    1    7    7
 -8.450096018802501e-13    1    1    8    5
 -2.896344707830456e-12    1    1    8    6
 0.7276115037288685    1    1    8    8
 -2.896458668354369e-12    1    1    9    5
 8.450553836696261e-13    1    1    9    6
 0.7276115037288683    1    1    9    9
 2.357645148171577e-12    1    1   10    1
 -0.1312472973095675    1    1   10    2
 -2.479196252620757e-12    1    1   10    3
 -0.04919813145681176    1    1   10    4
 -2.121446437893958e-12    1    1   10    7
 0.8956729215046405    1    1   10   10
 -1.998853600685041e-11    2    1    1    1
 1.825021071147863    2    1    2    1
 1.999780617003034e-11    2    1    2    2
 1.086702563647087e-12    2    1    3    1
 -0.1983353784643421    2    1    3    2
 -2.832270239984899e-15    2    1    3    3
 0.1846367061564026    2    1    4    1
 1.009937638022938e-12    2    1    4    2
 -0.1722058415607649    2    1    4    3
 -1.926462188023436e-14    2    1    4    4
 -2.516658623831952e-15    2    1    5    5
 -2.96219201491216e-15    2    1    6    6
 -3.672902214294893e-13    2    1    7    1
 0.06856822532959195    2    1    7    2
 -7.543391275903955e-15    2    1    7    3
 0.252187209064588    2    1    7    4
 2.162994050132205e-14    2    1    7    7
 0.07713500534101249    2    1    8    5
 0.2643779947515593    2    1    8    6
 3.507535952070648e-15    2    1    8    8
 0.2643779947515593    2    1    9    5
 -0.07713500534101247    2    1    9    6
 2.863766260471646e-15    2    1    9    9
 -0.1495838440377778    2    1   10    1
 -8.205161357918358e-13    2    1   10    2
 0.2262965158760078    2    1   10    3
 -8.917835707355298e-15    2    1   10    4
 0.1933924023683991    2    1   10    7
 2.37609074712959e-15    2    1   10   10
 2.306268067879365    2    2    1    1
 1.999792478936191e-11    2    2    2    1
 2.305751960566736    2    2    2    2
 -0.1912825708783173    2    2    3    1
 -3.219577483983154e-12    2    2    3    2
 0.7868128492673077    2    2    3    3
 9.715378841301162e-13    2    2    4    1
 0.1914838323189814    2    2    4    2
 -1.889893415113653e-12    2    2    4    3
 0.6670506792248643    2    2    4    4
 0.6879588473651214    2    2    5    5
 0.6879588473651214    2    2    6    6
 0.0836427238663858    2    2    7    1
 1.218200722765323e-12    2    2    7    2
 0.06552063935208959    2    2    7    3
 2.762181133624041e-12    2    2    7    4
 0.685295202576654    2    2    7    7
 8.45024839776149e-13    2    2    8    5
 2.896268818035221e-12    2    2    8    6
 0.7276406810896442    2    2    8    8
 2.896103528538613e-12    2    2    9    5
 -8.449788213678531e-13    2    2    9    6
 0.7276406810896442    2    2    9    9
 -9.208306777880391e-13    2    2   10    1
 -0.1310307194032619    2    2   10    2
 2.478903012102742e-12    2    2   10    3
 -0.04927482653107054    2    2   10    4
 2.115888484401081e-12    2    2   10    7
 0.8957475766804375    2    2   10   10
 -0.1914199821376225    3    1    1    1
 1.086614900938409e-12    3    1    2    1
 -0.1912825708783173    3    1    2    2
 0.03093793624407417    3    1    3    1
 1.079334904998233e-15    3    1    3    2
 0.0020154977349899    3    1    3    3
 2.841880968863889e-13    3    1    4    1
 -0.02582018218633505    3    1    4    2
 -4.587058344163607e-14    3    1    4    3
 -0.01256004771790518    3    1    4    4
 -0.001517169813236808    3    1    5    5
 -0.001517169813236809    3    1    6    6
 -0.006567861616731722    3    1    7    1
 1.355014888861827e-15    3    1    7    2
 0.007233229482285023    3    1    7    3
 7.579788289945429e-14    3    1    7    4
 -0.008973211237545839    3    1    7    7
 1.356486100168679e-14    3    1    8    5
 4.649494669115337e-14    3    1    8    6
 -0.005947543340934417    3    1    8    8
 4.649191546594172e-14    3    1    9    5
 -1.356408689972779e-14    3    1    9    6
 -0.005947543340934416    3    1    9    9
 -3.042564891301408e-13    3    1   10    1
 0.02800025227931132    3    1   10    2
 2.737413034725496e-14    3    1   10    3
 -0.002874005334579726    3    1   10    4
 3.724885251047461e-14    3    1   10    7
 -0.005514934566747082    3    1   10   10
 1.12518121674296e-12    3    2    1    1
 -0.1983353784643423    3    2    2    1
 -3.219601428823841e-12    3    2    2    2
 1.082894010915077e-15    3    2    3    1
 0.03067710914100797    3    2    3    2
 1.112573344128961e-14    3    2    3    3
 -0.02601555696352206    3    2    4    1
 -2.836429619413108e-13    3    2    4    2
 0.008298811259690843    3    2    4    3
 -6.767325752284698e-14    3    2    4    4
 -8.267642162245004e-15    3    2    5    5
 -8.253782486841319e-15    3    2    6    6
 1.344540879526211e-15    3    2    7    1
 -0.007026089928344832    3    2    7    2
 3.993181662811319e-14    3    2    7    3
 -0.01387029539439601    3    2    7    4
 -5.035091149075554e-14    3    2    7    7
 -0.002474705127107047    3    2    8    5
 -0.008481980084314543    3    2    8    6
 -3.272981177973785e-14    3    2    8    8
 -0.008481980084314542    3    2    9    5
 0.002474705127107046    3    2    9    6
 -3.270916742040639e-14    3    2    9    9
 0.02752788988617087    3    2   10    1
 3.040437336061647e-13    3    2   10    2
 -0.004989168140581584    3    2   10    3
 -1.548765682321433e-14    3    2   10    4
 -0.006822338854576961    3    2   10    7
 -3.030249112262121e-14    3    2   10   10
 0.7867267173919814    3    3    1    1
 -2.775018714883892e-15    3    3    2    1
 0.7868128492673078    3    3    2    2
 0.002015497734989901    3    3    3    1
 1.110553375759021e-14    3    3    3    2
 0.7470649312926655    3    3    3    3
 -1.011652898246165e-13    3    3    4    1
 0.01826175503357298    3    3    4    2
 -4.907407675476248e-15    3    3    4    3
 0.5119132881946623    3    3    4    4
 0.6170823917983556    3    3    5    5
 0.6170823917983557    3    3    6    6
 0.02548547985680096    3    3    7    1
 1.403359259749903e-13    3    3    7    2
 0.1088628852256344    3    3    7    3
 -2.758951642557778e-15    3    3    7    4
 0.5423983366730701    3    3    7    7
 -1.254807120639141e-15    3    3    8    6
 0.5959635040714037    3    3    8    8
 -1.394934607054683e-15    3    3    9    5
 0.5959635040714036    3    3    9    9
 -1.209227955791976e-13    3    3   10    1
 0.02212410041983466    3    3   10    2
 -1.179001710022389e-15    3    3   10    3
 -0.07354890306355796    3    3   10    4
 -4.298080021939784e-15    3    3   10    7
 0.7240331771391859    3    3   10   10
 -3.074056790344207e-12    4    1    1    1
 0.1846367061564028    4    1    2    1
 9.715664539739457e-13    4    1    2    2
 2.841815891252419e-13    4    1    3    1
 -0.02601555696352208    4    1    3    2
 -1.011777295860765e-13    4    1    3    3
 0.02871965861364496    4    1    4    1
 -2.046960171658803e-15    4    1    4    2
 -0.004830791102784166    4    1    4    3
 -2.635429993882946e-14    4    1    4    4
 -4.269143167937493e-14    4    1    5    5
 -4.269576029586899e-14    4    1    6    6
 -1.63583612006514e-13    4    1    7    1
 0.01478410141963533    4    1    7    2
 -2.699162687911693e-14    4    1    7    3
 -0.002319529714131592    4    1    7    4
 -2.03993259190007e-14    4    1    7    7
 0.0007699556648449457    4    1    8    5
 0.002639000721130156    4    1    8    6
 -4.25240456653062e-14    4    1    8    8
 0.002639000721130156    4    1    9    5
 -0.0007699556648449454    4    1    9    6
 -4.253044142157581e-14    4    1    9    9
 -0.01482268296035424    4    1   10    1
 -3.334219832678961e-15    4    1   10    2
 0.01144711496950796    4    1   10    3
 4.127614350402944e-14    4    1   10    4
 0.001709794787990082    4    1   10    7
 -1.154628921810511e-13    4    1   10   10
 0.1915329909281035    4    2    1    1
 1.010014132164706e-12    4    2    2    1
 0.1914838323189817    4    2    2    2
 -0.02582018218633507    4    2    3    1
 -2.836571676794191e-13    4    2    3    2
 0.01826175503357298    4    2    3    3
 -2.044585983524785e-15    4    2    4    1
 0.02891505423318945    4    2    4    2
 -2.683063831493561e-14    4    2    4    3
 0.004913666377201013    4    2    4    4
 0.007726425533682565    4    2    5    5
 0.007726425533682565    4    2    6    6
 0.01521540333868253    4    2    7    1
 1.651075427898711e-13    4    2    7    2
 0.00477222719237339    4    2    7    3
 -1.191128637768566e-14    4    2    7    4
 0.00372553172034123    4    2    7    7
 4.284191479505576e-15    4    2    8    5
 1.468413203647341e-14    4    2    8    6
 0.007742437536374832    4    2    8    8
 1.468180758997742e-14    4    2    9    5
 -4.283723014311714e-15    4    2    9    6
 0.00774243753637483    4    2    9    9
 -3.282517593497605e-15    4    2   10    1
 -0.01429299847658695    4    2   10    2
 6.224619668365854e-14    4    2   10    3
 -0.007462532578076215    4    2   10    4
 9.19885176609257e-15    4    2   10    7
 0.02094107364424566    4    2   10   10
 1.883176693227377e-12    4    3    1    1
 -0.1722058415607648    4    3    2    1
 -1.889844827738013e-12    4    3    2    2
 -4.588036278984636e-14    4    3    3    1
 0.008298811259690791    4    3    3    2
 -4.860321939688918e-15    4    3    3    3
 -0.00483079110278411    4    3    4    1
 -2.68139688836509e-14    4    3    4    2
 0.05652865885661906    4    3    4    3
 7.778194913802028e-15    4    3    4    4
 -1.457667601162001e-15    4    3    5    5
 -1.300801852039381e-15    4    3    6    6
 -5.161206650024915e-15    4    3    7    1
 0.0007768681143061278    4    3    7    2
 -0.0931221471669815    4    3    7    4
 -8.418098850901943e-15    4    3    7    7
 -0.02709718109394265    4    3    8    5
 -0.09287480268348922    4    3    8    6
 -2.537155835320242e-15    4    3    8    8
 -0.09287480268348919    4    3    9    5
 0.02709718109394264    4    3    9    6
 -2.334285210714713e-15    4    3    9    9
 0.008135099118220641    4    3   10    1
 4.363752074250178e-14    4    3   10    2
 -0.05922219285216427    4    3   10    3
 4.317747803238182e-15    4    3   10    4
 -0.05486854125560087    4    3   10    7
 -5.117633977205952e-15    4    3   10   10
 0.6671147519462114    4    4    1    1
 -1.936297656648431e-14    4    4    2    1
 0.6670506792248644    4    4    2    2
 -0.01256004771790516    4    4    3    1
 -6.768412914549069e-14    4    4    3    2
 0.5119132881946624    4    4    3    3
 -2.638357549902585e-14    4    4    4    1
 0.004913666377200965    4    4    4    2
 7.818549450951569e-15    4    4    4    3
 0.5453269153847539    4    4    4    4
 0.5099840719662436    4    4    5    5
 0.5099840719662437    4    4    6    6
 -0.004204491437081484    4    4    7    1
 -2.14734342477722e-14    4    4    7    2
 -0.001148384420681095    4    4    7    3
 -1.875566728958655e-14    4    4    7    4
 0.5570513213314003    4    4    7    7
 -3.568260910466823e-15    4    4    8    5
 -1.22312410095994e-14    4    4    8    6
 0.5358410240185482    4    4    8    8
 -1.22931895281859e-14    4    4    9    5
 3.584089137859276e-15    4    4    9    6
 0.5358410240185483    4    4    9    9
 9.114742900323796e-14    4    4   10    1
 -0.01621896387791546    4    4   10    2
 -4.36382763823228e-15    4    4   10    3
 0.01980013955362529    4    4   10    4
 -9.477165254779109e-15    4    4   10    7
 0.5594241460369753    4    4   10   10
 0.009770975209478405    5    1    5    1
 2.635240489037121e-15    5    1    5    2
 0.01661694917662697    5    1    5    3
 6.206892647420877e-14    5    1    5    4
 -0.004860669948041565    5    1    7    5
 -3.558988223508442e-14    5    1    8    1
 0.003329253239077972    5    1    8    2
 -1.757159173178573e-14    5    1    8    3
 -0.004371670341497046    5    1    8    4
 1.058299007205746e-14    5    1    8    7
 -1.219823120157222e-13    5    1    9    1
 0.0114109189657316    5    1    9    2
 -6.023232357211835e-14    5    1    9    3
 -0.01498377336580453    5    1    9    4
 3.627136502485346e-14    5    1    9    7
 -4.713961633047702e-14    5    1   10    5
 0.003112565723134108    5    1   10    8
 0.01066822878635494    5    1   10    9
 2.636548699381051e-15    5    2    5    1
 0.009270483043280622    5    2    5    2
 9.079759910995027e-14    5    2    5    3
 -0.01128383502763252    5    2    5    4
 -2.707939900635444e-14    5    2    7    5
 0.003167632342213389    5    2    8    1
 3.558132189208214e-14    5    2    8    2
 0.003203683695636786    5    2    8    3
 -2.386932928268771e-14    5    2    8    4
 -0.001967740648913299    5    2    8    7
 0.01085696802693147    5    2    9    1
 1.21951407204192e-13    5    2    9    2
 0.01098053299570304    5    2    9    3
 -8.180579918935701e-14    5    2    9    4
 -0.006744374031620457    5    2    9    7
 0.008591552540279103    5    2   10    5
 1.704621247206305e-14    5    2   10    8
 5.841821349302579e-14    5    2   10    9
 0.01661694917662697    5    3    5    1
 9.079643686067885e-14    5    3    5    2
 0.1049437994567452    5    3    5    3
 -0.01383823786949354    5    3    7    5
 -2.892568358906103e-14    5    3    8    1
 0.005277800081281681    5    3    8    2
 -0.02075484969776558    5    3    8    4
 -9.915071013910873e-14    5    3    9    1
 0.01808950678126124    5    3    9    2
 -0.07113664567995796    5    3    9    4
 -3.019664893085961e-15    5    3    9    7
 0.01725500226448138    5    3   10    8
 0.05914102005891331    5    3   10    9
 6.206264360360126e-14    5    4    5    1
 -0.01128383502763252    5    4    5    2
 0.05088614048338721    5    4    5    4
 -0.003772865422078498    5    4    8    1
 -2.060904607092954e-14    5    4    8    2
 -0.01202683671647551    5    4    8    3
 0.01095863731429358    5    4    8    7
 -0.01293138686316082    5    4    9    1
 -7.063554393483302e-14    5    4    9    2
 -0.04122163420160706    5    4    9    3
 -2.759882952068754e-15    5    4    9    4
 0.03756041171649607    5    4    9    7
 -0.02383218784080469    5    4   10    5
 0.687914878293658    5    5    1    1
 -2.523589661513361e-15    5    5    2    1
 0.6879588473651213    5    5    2    2
 -0.001517169813236779    5    5    3    1
 -8.273677467330578e-15    5    5    3    2
 0.6170823917983557    5    5    3    3
 -4.267540312696268e-14    5    5    4    1
 0.007726425533682503    5    5    4    2
 -1.443645179987837e-15    5    5    4    3
 0.5099840719662437    5    5    4    4
 0.5879698309216169    5    5    5    5
 0.5399985272739029    5    5    6    6
 0.008944512914944974    5    5    7    1
 4.937775488746955e-14    5    5    7    2
 0.04695501960038069    5    5    7    3
 -1.831282238975535e-15    5    5    7    4
 0.5177357592016516    5    5    7    7
 -1.308949532924517e-15    5    5    8    6
 0.5448668912129305    5    5    8    8
 -1.805224120553928e-15    5    5    9    5
 0.01230131775535954    5    5    9    8
 0.5834402649536899    5    5    9    9
 -3.498499409107984e-14    5    5   10    1
 0.006434939660866707    5    5   10    2
 -1.197624504076905e-15    5    5   10    3
 -0.04167859532074199    5    5   10    4
 -2.998314869402453e-15    5    5   10    7
 0.6198916685031077    5    5   10   10
 0.009770975209478408    6    1    6    1
 2.618794795178243e-15    6    1    6    2
 0.01661694917662698    6    1    6    3
 6.208528192636762e-14    6    1    6    4
 -0.004860669948041566    6    1    7    6
 -1.219817625207657e-13    6    1    8    1
 0.0114109189657316    6    1    8    2
 -6.022653342052539e-14    6    1    8    3
 -0.01498377336580453    6    1    8    4
 3.627416374150663e-14    6    1    8    7
 3.558896460723035e-14    6    1    9    1
 -0.003329253239077971    6    1    9    2
 1.757277052414579e-14    6    1    9    3
 0.004371670341497044    6    1    9    4
 -1.058198764339629e-14    6    1    9    7
 -4.715202599637878e-14    6    1   10    6
 0.01066822878635494    6    1   10    8
 -0.003112565723134106    6    1   10    9
 2.618121682925066e-15    6    2    6    1
 0.009270483043280623    6    2    6    2
 9.077424949317294e-14    6    2    6    3
 -0.01128383502763252    6    2    6    4
 -2.70693743033672e-14    6    2    7    6
 0.01085696802693147    6    2    8    1
 1.21950127356024e-13    6    2    8    2
 0.01098053299570305    6    2    8    3
 -8.180655235465453e-14    6    2    8    4
 -0.006744374031620458    6    2    8    7
 -0.003167632342213389    6    2    9    1
 -3.558144701793096e-14    6    2    9    2
 -0.003203683695636785    6    2    9    3
 2.386911966253224e-14    6    2    9    4
 0.001967740648913298    6    2    9    7
 0.008591552540279103    6    2   10    6
 5.842052185153284e-14    6    2   10    8
 -1.704559114275511e-14    6    2   10    9
 0.01661694917662698    6    3    6    1
 9.07734794753665e-14    6    3    6    2
 0.1049437994567452    6    3    6    3
 1.033982828811055e-15    6    3    6    4
 -0.01383823786949354    6    3    7    6
 -9.914148983270746e-14    6    3    8    1
 0.01808950678126124    6    3    8    2
 -0.07113664567995795    6    3    8    4
 -3.020186743510121e-15    6    3    8    7
 2.892748205172937e-14    6    3    9    1
 -0.005277800081281681    6    3    9    2
 0.02075484969776557    6    3    9    4
 0.05914102005891331    6    3   10    8
 -0.01725500226448138    6    3   10    9
 6.208466716606605e-14    6    4    6    1
 -0.01128383502763252    6    4    6    2
 1.038496232509418e-15    6    4    6    3
 0.05088614048338721    6    4    6    4
 -0.01293138686316082    6    4    8    1
 -7.063310420998669e-14    6    4    8    2
 -0.04122163420160706    6    4    8    3
 -2.768573002042658e-15    6    4    8    4
 0.03756041171649607    6    4    8    7
 0.003772865422078497    6    4    9    1
 2.061004858678271e-14    6    4    9    2
 0.01202683671647551    6    4    9    3
 -0.01095863731429358    6    4    9    7
 -0.02383218784080469    6    4   10    6
 0.02398565182385706    6    5    6    5
 0.01230131775535969    6    5    8    8
 0.01928668687037953    6    5    9    8
 -0.01230131775535956    6    5    9    9
 0.6879148782936582    6    6    1    1
 -2.964617411898504e-15    6    6    2    1
 0.6879588473651214    6    6    2    2
 -0.001517169813236791    6    6    3    1
 -8.249502141644239e-15    6    6    3    2
 0.6170823917983557    6    6    3    3
 -4.268381981052297e-14    6    6    4    1
 0.00772642553368253    6    6    4    2
 -1.296453204840801e-15    6    6    4    3
 0.5099840719662437    6    6    4    4
 0.5399985272739029    6    6    5    5
 0.5879698309216171    6    6    6    6
 0.008944512914944983    6    6    7    1
 4.938034744164316e-14    6    6    7    2
 0.0469550196003807    6    6    7    3
 -2.042406482382593e-15    6    6    7    4
 0.5177357592016517    6    6    7    7
 -1.909407432197784e-15    6    6    8    6
 0.5834402649536902    6    6    8    8
 -1.73783116922883e-15    6    6    9    5
 -0.01230131775535958    6    6    9    8
 0.5448668912129305    6    6    9    9
 -3.496513003800648e-14    6    6   10    1
 0.006434939660866705    6    6   10    2
 -1.333156935192085e-15    6    6   10    3
 -0.04167859532074188    6    6   10    4
 -3.265932966776204e-15    6    6   10    7
 0.6198916685031078    6    6   10   10
 0.08358377972610026    7    1    1    1
 -3.672216252631752e-13    7    1    2    1
 0.08364272386638588    7    1    2    2
 -0.00656786161673173    7    1    3    1
 1.338826010360591e-15    7    1    3    2
 0.02548547985680097    7    1    3    3
 -1.635821542596581e-13    7    1    4    1
 0.01521540333868252    7    1    4    2
 -5.17884708116527e-15    7    1    4    3
 -0.004204491437081473    7    1    4    4
 0.008944512914945016    7    1    5    5
 0.008944512914945017    7    1    6    6
 0.01426884949241938    7    1    7    1
 6.511998782764387e-15    7    1    7    2
 0.01236097099019974    7    1    7    3
 8.134005347601187e-14    7    1    7    4
 -0.002699815039131181    7    1    7    7
 5.850024063786116e-15    7    1    8    5
 2.005225926410013e-14    7    1    8    6
 0.005357432548286889    7    1    8    8
 2.004664581225133e-14    7    1    9    5
 -5.848723433193813e-15    7    1    9    6
 0.005357432548286889    7    1    9    9
 -6.179326021593671e-14    7    1   10    1
 0.00611840621546723    7    1   10    2
 -5.939082205500581e-14    7    1   10    3
 -0.01223267472104829    7    1   10    4
 1.817053863653947e-14    7    1   10    7
 0.0228776126813191    7    1   10   10
 -2.844001616590267e-13    7    2    1    1
 0.06856822532959204    7    2    2    1
 1.218220382128771e-12    7    2    2    2
 1.347145624161424e-15    7    2    3    1
 -0.007026089928344834    7    2    3    2
 1.403261368633263e-13    7    2    3    3
 0.01478410141963533    7    2    4    1
 1.651149763620961e-13    7    2    4    2
 0.0007768681143060955    7    2    4    3
 -2.145485178453346e-14    7    2    4    4
 4.937035792181739e-14    7    2    5    5
 4.937599740735514e-14    7    2    6    6
 6.5145737482144e-15    7    2    7    1
 0.01331567883671002    7    2    7    2
 6.778643429093049e-14    7    2    7    3
 -0.01486835577207923    7    2    7    4
 -1.584850210643442e-14    7    2    7    7
 -0.001058244649198187    7    2    8    5
 -0.003627102857836034    7    2    8    6
 2.967239755656848e-14    7    2    8    8
 -0.003627102857836033    7    2    9    5
 0.001058244649198187    7    2    9    6
 2.968084692062281e-14    7    2    9    9
 0.005029084450330457    7    2   10    1
 6.034477921875705e-14    7    2   10    2
 0.01092770667321917    7    2   10    3
 -6.725066746161022e-14    7    2   10    4
 -0.003402702035784699    7    2   10    7
 1.262552639572494e-13    7    2   10   10
 0.06546247446445215    7    3    1    1
 -7.534382400039814e-15    7    3    2    1
 0.06552063935208946    7    3    2    2
 0.007233229482285053    7    3    3    1
 3.992523895290779e-14    7    3    3    2
 0.1088628852256344    7    3    3    3
 -2.697946790361176e-14    7    3    4    1
 0.004772227192373374    7    3    4    2
 -0.001148384420681127    7    3    4    4
 0.04695501960038069    7    3    5    5
 0.04695501960038069    7    3    6    6
 0.01236097099019972    7    3    7    1
 6.779770777676778e-14    7    3    7    2
 0.05167018467297477    7    3    7    3
 -4.203142754906056e-15    7    3    7    4
 0.01616460011380227    7    3    7    7
 -1.060109256777343e-15    7    3    8    5
 -3.62595770856909e-15    7    3    8    6
 0.02922421110432779    7    3    8    8
 -3.652696832771751e-15    7    3    9    5
 1.066141921524612e-15    7    3    9    6
 0.02922421110432778    7    3    9    9
 -9.167724573613518e-14    7    3   10    1
 0.0167890645011774    7    3   10    2
 -2.727494665866835e-15    7    3   10    3
 -0.02975132160946804    7    3   10    4
 -3.549683233906476e-15    7    3   10    7
 0.08754638081316124    7    3   10   10
 -2.763334393831363e-12    7    4    1    1
 0.2521872090645879    7    4    2    1
 2.762037474271031e-12    7    4    2    2
 7.580415806062046e-14    7    4    3    1
 -0.01387029539439599    7    4    3    2
 -2.782703878083078e-15    7    4    3    3
 -0.002319529714131621    7    4    4    1
 -1.190892575926978e-14    7    4    4    2
 -0.09312214716698147    7    4    4    3
 -1.883811731249406e-14    7    4    4    4
 -1.792972177375361e-15    7    4    5    5
 -2.045530296933863e-15    7    4    6    6
 8.134165257263057e-14    7    4    7    1
 -0.01486835577207925    7    4    7    2
 -4.222789222258956e-15    7    4    7    3
 0.2235101380408259    7    4    7    4
 1.761091462497676e-14    7    4    7    7
 0.04408956227704857    7    4    8    5
 0.1511156965990701    7    4    8    6
 1.752227454063211e-15    7    4    8    8
 0.1511156965990701    7    4    9    5
 -0.04408956227704856    7    4    9    6
 1.388060772377849e-15    7    4    9    9
 -0.02623997827393419    7    4   10    1
 -1.440256639956972e-13    7    4   10    2
 0.05676497834122065    7    4   10    3
 -5.616268060608953e-15    7    4   10    4
 0.1243940651171765    7    4   10    7
 -0.004860669948041569    7    5    5    1
 -2.708157403683304e-14    7    5    5    2
 -0.01383823786949353    7    5    5    3
 0.02805901591619397    7    5    7    5
 9.368883216925586e-15    7    5    8    1
 -0.001741241430920603    7    5    8    2
 0.01048088786788728    7    5    8    4
 3.211030289649502e-14    7    5    9    1
 -0.005968054527901354    7    5    9    2
 -1.649076251380676e-15    7    5    9    3
 0.03592293933834337    7    5    9    4
 3.175206536378299e-15    7    5    9    7
 -1.087831232827262e-15    7    5   10    5
 0.0001273768940305959    7    5   10    8
 0.0004365806117807558    7    5   10    9
 -0.004860669948041569    7    6    6    1
 -2.707129578528771e-14    7    6    6    2
 -0.01383823786949353    7    6    6    3
 0.02805901591619398    7    6    7    6
 3.211251160550338e-14    7    6    8    1
 -0.005968054527901355    7    6    8    2
 -1.642967839135632e-15    7    6    8    3
 0.03592293933834338    7    6    8    4
 3.17484635791647e-15    7    6    8    7
 -9.368503746165216e-15    7    6    9    1
 0.001741241430920602    7    6    9    2
 -0.01048088786788727    7    6    9    4
 -1.081326453438746e-15    7    6   10    6
 0.0004365806117807552    7    6   10    8
 -0.0001273768940305976    7    6   10    9
 0.685358697896397    7    7    1    1
 2.159047310346739e-14    7    7    2    1
 0.6852952025766539    7    7    2    2
 -0.008973211237545794    7    7    3    1
 -5.033606159705732e-14    7    7    3    2
 0.5423983366730701    7    7    3    3
 -2.040145906760412e-14    7    7    4    1
 0.003725531720341201    7    7    4    2
 -8.394509561534033e-15    7    7    4    3
 0.5570513213314002    7    7    4    4
 0.5177357592016515    7    7    5    5
 0.5177357592016516    7    7    6    6
 -0.002699815039131203    7    7    7    1
 -1.584681763359174e-14    7    7    7    2
 0.01616460011380232    7    7    7    3
 1.74979062728829e-14    7    7    7    4
 0.58488108158375    7    7    7    7
 3.70482461084931e-15    7    7    8    5
 1.27033165161674e-14    7    7    8    6
 0.5404931227301552    7    7    8    8
 1.254197181075082e-14    7    7    9    5
 -3.667213157367793e-15    7    7    9    6
 0.540493122730155    7    7    9    9
 6.423720368887875e-14    7    7   10    1
 -0.01211518869518744    7    7   10    2
 4.604274131994493e-15    7    7   10    3
 0.02743534548423349    7    7   10    4
 1.15226411576999e-14    7    7   10    7
 0.5940508906426161    7    7   10   10
 -3.558943694153119e-14    8    1    5    1
 0.00316763234221339    8    1    5    2
 -2.892570997902122e-14    8    1    5    3
 -0.003772865422078499    8    1    5    4
 -1.219829585825464e-13    8    1    6    1
 0.01085696802693147    8    1    6    2
 -9.914096590311667e-14    8    1    6    3
 -0.01293138686316083    8    1    6    4
 9.369220654097511e-15    8    1    7    5
 3.21141093523099e-14    8    1    7    6
 0.01381517773174659    8    1    8    1
 -3.581531001025164e-15    8    1    8    2
 0.01344163585921493    8    1    8    3
 1.016215511639693e-13    8    1    8    4
 -0.008606293832023932    8    1    8    7
 0.002768690219817274    8    1   10    5
 0.009489605467290382    8    1   10    6
 -6.88991680591389e-14    8    1   10    8
 0.003329253239077972    8    2    5    1
 3.558100360312905e-14    8    2    5    2
 0.005277800081281683    8    2    5    3
 -2.060966009450078e-14    8    2    5    4
 0.0114109189657316    8    2    6    1
 1.219515750664499e-13    8    2    6    2
 0.01808950678126125    8    2    6    3
 -7.063713151169417e-14    8    2    6    4
 -0.001741241430920602    8    2    7    5
 -0.005968054527901353    8    2    7    6
 -3.581769381116597e-15    8    2    8    1
 0.01449583290872703    8    2    8    2
 7.367723244681953e-14    8    2    8    3
 -0.01853128723928582    8    2    8    4
 -4.806956844356113e-14    8    2    8    7
 1.516717638029146e-14    8    2   10    5
 5.19820581926993e-14    8    2   10    6
 0.01260360771988054    8    2   10    8
 -1.757131608159027e-14    8    3    5    1
 0.003203683695636786    8    3    5    2
 -0.01202683671647551    8    3    5    4
 -6.022343602884904e-14    8    3    6    1
 0.01098053299570305    8    3    6    2
 -0.04122163420160708    8    3    6    4
 -1.648709836489691e-15    8    3    7    6
 0.01344163585921494    8    3    8    1
 7.367762636232812e-14    8    3    8    2
 0.04426087541478765    8    3    8    3
 -0.02499490099171884    8    3    8    7
 0.009525951308621567    8    3   10    5
 0.03264992196396865    8    3   10    6
 -0.004371670341497047    8    4    5    1
 -2.386913303191577e-14    8    4    5    2
 -0.02075484969776558    8    4    5    3
 -0.01498377336580454    8    4    6    1
 -8.180542177085818e-14    8    4    6    2
 -0.07113664567995796    8    4    6    3
 -2.742659915133715e-15    8    4    6    4
 0.01048088786788728    8    4    7    5
 0.03592293933834338    8    4    7    6
 1.016234385323204e-13    8    4    8    1
 -0.01853128723928582    8    4    8    2
 0.08236458580021334    8    4    8    4
 2.638973477300418e-15    8    4    8    7
 -0.03604145132012013    8    4   10    8
 -8.449999708322633e-13    8    5    1    1
 0.07713500534101252    8    5    2    1
 8.450278987648936e-13    8    5    2    2
 1.356669809244881e-14    8    5    3    1
 -0.002474705127107052    8    5    3    2
 0.0007699556648449546    8    5    4    1
 4.284657795874097e-15    8    5    4    2
 -0.02709718109394261    8    5    4    3
 -3.561189356618481e-15    8    5    4    4
 5.84994874896779e-15    8    5    7    1
 -0.001058244649198186    8    5    7    2
 -1.055674045307842e-15    8    5    7    3
 0.04408956227704854    8    5    7    4
 3.690693616699046e-15    8    5    7    7
 0.03221615520659295    8    5    8    5
 0.04536322466557327    8    5    8    6
 0.04536322466557317    8    5    9    5
 0.005745778349754321    8    5    9    6
 -0.002775234175131903    8    5   10    1
 -1.519371705903232e-14    8    5   10    2
 0.02860828879862877    8    5   10    3
 -1.209939498546834e-15    8    5   10    4
 0.02581785761308544    8    5   10    7
 -2.896206807584546e-12    8    6    1    1
 0.2643779947515593    8    6    2    1
 2.89628885358111e-12    8    6    2    2
 4.650834790803894e-14    8    6    3    1
 -0.008481980084314557    8    6    3    2
 -1.240039392827078e-15    8    6    3    3
 0.002639000721130181    8    6    4    1
 1.467606347422803e-14    8    6    4    2
 -0.09287480268348906    8    6    4    3
 -1.22153325901245e-14    8    6    4    4
 -1.325912268674219e-15    8    6    5    5
 -1.909480715257321e-15    8    6    6    6
 2.005195603563557e-14    8    6    7    1
 -0.003627102857836027    8    6    7    2
 -3.602643897389676e-15    8    6    7    3
 0.15111569659907    8    6    7    4
 1.257118961808645e-14    8    6    7    7
 0.04536322466557327    8    6    8    5
 0.1744621042919098    8    6    8    6
 2.100417672517179e-15    8    6    8    8
 0.1365001707355622    8    6    9    5
 -0.04536322466557318    8    6    9    6
 1.338812471141464e-15    8    6    9    9
 -0.009512034684429557    8    6   10    1
 -5.207141596334735e-14    8    6   10    2
 0.09805408053603296    8    6   10    3
 -4.149608511421115e-15    8    6   10    4
 0.08848995853896204    8    6   10    7
 1.058191345605301e-14    8    7    5    1
 -0.0019677406489133    8    7    5    2
 0.01095863731429359    8    7    5    4
 3.627034749895105e-14    8    7    6    1
 -0.006744374031620463    8    7    6    2
 -3.01869674337261e-15    8    7    6    3
 0.03756041171649607    8    7    6    4
 3.176389595142484e-15    8    7    7    6
 -0.008606293832023937    8    7    8    1
 -4.807023756836668e-14    8    7    8    2
 -0.02499490099171884    8    7    8    3
 2.635345885164602e-15    8    7    8    4
 0.03815857186676935    8    7    8    7
 -0.001233110015857177    8    7   10    5
 -0.004226448832914603    8    7   10    6
 -1.679222894810535e-15    8    7   10    8
 0.7276115037288686    8    8    1    1
 3.612088701943878e-15    8    8    2    1
 0.7276406810896442    8    8    2    2
 -0.005947543340934379    8    8    3    1
 -3.271508065459773e-14    8    8    3    2
 0.5959635040714037    8    8    3    3
 -4.253263402851593e-14    8    8    4    1
 0.007742437536374767    8    8    4    2
 -2.472878805680465e-15    8    8    4    3
 0.5358410240185481    8    8    4    4
 0.5448668912129306    8    8    5    5
 0.01230131775535963    8    8    6    5
 0.5834402649536898    8    8    6    6
 0.005357432548286837    8    8    7    1
 2.967600041458776e-14    8    8    7    2
 0.02922421110432782    8    8    7    3
 1.764092509188001e-15    8    8    7    4
 0.5404931227301553    8    8    7    7
 2.117479441684169e-15    8    8    8    6
 0.6046949006166092    8    8    8    8
 1.634853130535912e-15    8    8    9    5
 0.5545631226282777    8    8    9    9
 1.849793504504974e-15    8    8   10    1
 -0.0003349937042066782    8    8   10    2
 -0.02849335562535211    8    8   10    4
 0.6212860536620173    8    8   10   10
 -1.219812056654932e-13    9    1    5    1
 0.01085696802693147    9    1    5    2
 -9.914937657996315e-14    9    1    5    3
 -0.01293138686316083    9    1    5    4
 3.558905847220543e-14    9    1    6    1
 -0.003167632342213388    9    1    6    2
 2.892780803822295e-14    9    1    6    3
 0.003772865422078498    9    1    6    4
 3.211330516194853e-14    9    1    7    5
 -9.369072995270451e-15    9    1    7    6
 0.01381517773174659    9    1    9    1
 -3.609884963551672e-15    9    1    9    2
 0.01344163585921493    9    1    9    3
 1.0166148578928e-13    9    1    9    4
 -0.00860629383202393    9    1    9    7
 0.009489605467290383    9    1   10    5
 -0.002768690219817274    9    1   10    6
 -6.892540179307836e-14    9    1   10    9
 0.0114109189657316    9    2    5    1
 1.219549225406575e-13    9    2    5    2
 0.01808950678126124    9    2    5    3
 -7.063799887343216e-14    9    2    5    4
 -0.003329253239077972    9    2    6    1
 -3.558167106509148e-14    9    2    6    2
 -0.005277800081281681    9    2    6    3
 2.061096113710776e-14    9    2    6    4
 -0.005968054527901352    9    2    7    5
 0.001741241430920602    9    2    7    6
 -3.606622474772824e-15    9    2    9    1
 0.01449583290872703    9    2    9    2
 7.364374203972963e-14    9    2    9    3
 -0.01853128723928582    9    2    9    4
 -4.80538254696713e-14    9    2    9    7
 5.198547222136239e-14    9    2   10    5
 -1.516741036363463e-14    9    2   10    6
 0.01260360771988055    9    2   10    9
 -6.023042373286039e-14    9    3    5    1
 0.01098053299570305    9    3    5    2
 -0.04122163420160705    9    3    5    4
 1.757311971468582e-14    9    3    6    1
 -0.003203683695636785    9    3    6    2
 0.01202683671647551    9    3    6    4
 -1.654312181028416e-15    9    3    7    5
 0.01344163585921494    9    3    9    1
 7.364322837288304e-14    9    3    9    2
 0.04426087541478763    9    3    9    3
 -0.02499490099171883    9    3    9    7
 0.03264992196396863    9    3   10    5
 -0.00952595130862156    9    3   10    6
 -0.01498377336580454    9    4    5    1
 -8.180800684095195e-14    9    4    5    2
 -0.07113664567995796    9    4    5    3
 -2.756080917179646e-15    9    4    5    4
 0.004371670341497045    9    4    6    1
 2.386933805111963e-14    9    4    6    2
 0.02075484969776557    9    4    6    3
 0.03592293933834337    9    4    7    5
 -0.01048088786788727    9    4    7    6
 1.01657789882824e-13    9    4    9    1
 -0.01853128723928582    9    4    9    2
 0.08236458580021333    9    4    9    4
 2.542615488402539e-15    9    4    9    7
 -0.03604145132012011    9    4   10    9
 -2.89632954138798e-12    9    5    1    1
 0.2643779947515593    9    5    2    1
 2.896174626850588e-12    9    5    2    2
 4.64889225840991e-14    9    5    3    1
 -0.008481980084314569    9    5    3    2
 -1.35847183002018e-15    9    5    3    3
 0.002639000721130194    9    5    4    1
 1.469659525502447e-14    9    5    4    2
 -0.09287480268348908    9    5    4    3
 -1.229001811916306e-14    9    5    4    4
 -1.788693327491977e-15    9    5    5    5
 -1.667000139631017e-15    9    5    6    6
 2.004926840024161e-14    9    5    7    1
 -0.003627102857836028    9    5    7    2
 -3.640365252911671e-15    9    5    7    3
 0.15111569659907    9    5    7    4
 1.255298968873669e-14    9    5    7    7
 0.04536322466557319    9    5    8    5
 0.1365001707355622    9    5    8    6
 1.588814832271e-15    9    5    8    8
 0.1744621042919098    9    5    9    5
 -0.04536322466557324    9    5    9    6
 1.563552291626985e-15    9    5    9    9
 -0.009512034684429573    9    5   10    1
 -5.20935590056503e-14    9    5   10    2
 0.09805408053603293    9    5   10    3
 -4.097012289712465e-15    9    5   10    4
 0.08848995853896212    9    5   10    7
 1.008901372974113e-15    9    5   10   10
 8.450326873386543e-13    9    6    1    1
 -0.07713500534101249    9    6    2    1
 -8.44990423653746e-13    9    6    2    2
 -1.356544067211245e-14    9    6    3    1
 0.002474705127107053    9    6    3    2
 -0.0007699556648449544    9    6    4    1
 -4.285165866719944e-15    9    6    4    2
 0.0270971810939426    9    6    4    3
 3.575980715950063e-15    9    6    4    4
 -5.847812814268358e-15    9    6    7    1
 0.001058244649198186    9    6    7    2
 1.063332780633239e-15    9    6    7    3
 -0.04408956227704853    9    6    7    4
 -3.675375115043917e-15    9    6    7    7
 0.005745778349754321    9    6    8    5
 -0.04536322466557319    9    6    8    6
 -0.04536322466557325    9    6    9    5
 0.03221615520659294    9    6    9    6
 0.002775234175131901    9    6   10    1
 1.519548581274869e-14    9    6   10    2
 -0.02860828879862876    9    6   10    3
 1.202179452690717e-15    9    6   10    4
 -0.02581785761308546    9    6   10    7
 3.626801681719829e-14    9    7    5    1
 -0.006744374031620462    9    7    5    2
 -3.0213357086657e-15    9    7    5    3
 0.03756041171649607    9    7    5    4
 -1.058120373067273e-14    9    7    6    1
 0.001967740648913299    9    7    6    2
 -0.01095863731429358    9    7    6    4
 3.178162579094667e-15    9    7    7    5
 -0.008606293832023937    9    7    9    1
 -4.805483359465334e-14    9    7    9    2
 -0.02499490099171883    9    7    9    3
 2.539358471663643e-15    9    7    9    4
 0.03815857186676935    9    7    9    7
 -0.0042264488329146    9    7   10    5
 0.001233110015857176    9    7   10    6
 -1.661608377223068e-15    9    7   10    9
 0.01230131775535953    9    8    5    5
 0.01928668687037953    9    8    6    5
 -0.01230131775535957    9    8    6    6
 0.02506588899416554    9    8    9    8
 0.7276115037288686    9    9    1    1
 2.909780368844532e-15    9    9    2    1
 0.7276406810896441    9    9    2    2
 -0.005947543340934358    9    9    3    1
 -3.268808163774275e-14    9    9    3    2
 0.5959635040714037    9    9    3    3
 -4.25249418397807e-14    9    9    4    1
 0.007742437536374768    9    9    4    2
 -2.29881637681679e-15    9    9    4    3
 0.5358410240185482    9    9    4    4
 0.5834402649536897    9    9    5    5
 -0.01230131775535949    9    9    6    5
 0.5448668912129307    9    9    6    6
 0.005357432548286844    9    9    7    1
 2.96791374526077e-14    9    9    7    2
 0.02922421110432781    9    9    7    3
 1.414929744275259e-15    9    9    7    4
 0.5404931227301552    9    9    7    7
 1.455697283381594e-15    9    9    8    6
 0.5545631226282778    9    9    8    8
 1.503587371062526e-15    9    9    9    5
 0.6046949006166092    9    9    9    9
 1.85557986940425e-15    9    9   10    1
 -0.0003349937042066825    9    9   10    2
 -0.02849335562535238    9    9   10    4
 0.6212860536620175    9    9   10   10
 2.35762562612338e-12   10    1    1    1
 -0.1495838440377781   10    1    2    1
 -9.209229512042457e-13   10    1    2    2
 -3.042410865363866e-13   10    1    3    1
 0.02752788988617091   10    1    3    2
 -1.208768505472339e-13   10    1    3    3
 -0.01482268296035426   10    1    4    1
 -3.29108349512854e-15   10    1    4    2
 0.008135099118220725   10    1    4    3
 9.110161303641654e-14   10    1    4    4
 -3.496740948997165e-14   10    1    5    5
 -3.495177823311466e-14   10    1    6    6
 -6.179229432460414e-14   10    1    7    1
 0.005029084450330438   10    1    7    2
 -9.166772838339324e-14   10    1    7    3
 -0.02623997827393425   10    1    7    4
 6.423784982729928e-14   10    1    7    7
 -0.002775234175131897   10    1    8    5
 -0.00951203468442954   10    1    8    6
 1.858567378937005e-15   10    1    8    8
 -0.009512034684429538   10    1    9    5
 0.002775234175131896   10    1    9    6
 1.881928948652348e-15   10    1    9    9
 0.03592282393219623   10    1   10    1
 -5.896038689172819e-15   10    1   10    2
 0.005969740586655089   10    1   10    3
 7.547387887125191e-14   10    1   10    4
 -0.009539051288223096   10    1   10    7
 -7.40691244267195e-14   10    1   10   10
 -0.1312472973095677   10    2    1    1
 -8.207251656228118e-13   10    2    2    1
 -0.1310307194032622   10    2    2    2
 0.02800025227931138   10    2    3    1
 3.040611611656778e-13   10    2    3    2
 0.02212410041983463   10    2    3    3
 -3.345843649673969e-15   10    2    4    1
 -0.01429299847658696   10    2    4    2
 4.367098977862766e-14   10    2    4    3
 -0.01621896387791551   10    2    4    4
 0.006434939660866616   10    2    5    5
 0.006434939660866616   10    2    6    6
 0.00611840621546721   10    2    7    1
 6.034074986383918e-14   10    2    7    2
 0.01678906450117739   10    2    7    3
 -1.440318709584832e-13   10    2    7    4
 -0.01211518869518746   10    2    7    7
 -1.51928411627163e-14   10    2    8    5
 -5.207022093074626e-14   10    2    8    6
 -0.0003349937042068173   10    2    8    8
 -5.207782445377997e-14   10    2    9    5
 1.519459504651655e-14   10    2    9    6
 -0.0003349937042068178   10    2    9    9
 -5.891553410605672e-15   10    2   10    1
 0.03703145941416575   10    2   10    2
 3.271732011820875e-14   10    2   10    3
 -0.01373353850888849   10    2   10    4
 -5.290328622851495e-14   10    2   10    7
 0.01353941279966898   10    2   10   10
 -2.47941728757969e-12   10    3    1    1
 0.2262965158760079   10    3    2    1
 2.478730580516725e-12   10    3    2    2
 2.739918225999483e-14   10    3    3    1
 -0.004989168140581545   10    3    3    2
 -1.259412751154262e-15   10    3    3    3
 0.0114471149695079   10    3    4    1
 6.223306735937182e-14   10    3    4    2
 -0.05922219285216436   10    3    4    3
 -4.38303981888518e-15   10    3    4    4
 -1.16960725130015e-15   10    3    5    5
 -1.329462587757045e-15   10    3    6    6
 -5.939642218920386e-14   10    3    7    1
 0.01092770667321914   10    3    7    2
 -2.713794446333284e-15   10    3    7    3
 0.0567649783412206   10    3    7    4
 4.694985216174986e-15   10    3    7    7
 0.02860828879862883   10    3    8    5
 0.09805408053603315   10    3    8    6
 0.09805408053603315   10    3    9    5
 -0.02860828879862883   10    3    9    6
 0.005969740586655204   10    3   10    1
 3.27277366164067e-14   10    3   10    2
 0.1066503631366848   10    3   10    3
 -3.075903671006351e-15   10    3   10    4
 0.05890054433069791   10    3   10    7
 -0.0491981314568114   10    4    1    1
 -8.66611989603771e-15   10    4    2    1
 -0.04927482653107013   10    4    2    2
 -0.002874005334579747   10    4    3    1
 -1.548590424787598e-14   10    4    3    2
 -0.07354890306355814   10    4    3    3
 4.129829330356727e-14   10    4    4    1
 -0.0074625325780762   10    4    4    2
 4.277961244695031e-15   10    4    4    3
 0.01980013955362513   10    4    4    4
 -0.04167859532074178   10    4    5    5
 -0.04167859532074179   10    4    6    6
 -0.01223267472104829   10    4    7    1
 -6.721624830154945e-14   10    4    7    2
 -0.02975132160946803   10    4    7    3
 -5.56508217852673e-15   10    4    7    4
 0.02743534548423339   10    4    7    7
 -1.192454193243712e-15   10    4    8    5
 -4.094149309825266e-15   10    4    8    6
 -0.02849335562535247   10    4    8    8
 -4.070627895523981e-15   10    4    9    5
 1.187219233991003e-15   10    4    9    6
 -0.02849335562535246   10    4    9    9
 7.546075074786821e-14   10    4   10    1
 -0.01373353850888847   10    4   10    2
 -2.931968432674392e-15   10    4   10    3
 0.0479223527653268   10    4   10    4
 -1.649367396629617e-15   10    4   10    7
 -0.04567952067177846   10    4   10   10
 -4.713226797862709e-14   10    5    5    1
 0.008591552540279105   10    5    5    2
 -0.02383218784080469   10    5    5    4
 -1.077087007635155e-15   10    5    7    5
 0.002768690219817275   10    5    8    1
 1.51666686826687e-14   10    5    8    2
 0.009525951308621562   10    5    8    3
 -0.001233110015857173   10    5    8    7
 0.009489605467290387   10    5    9    1
 5.198471524465866e-14   10    5    9    2
 0.03264992196396862   10    5    9    3
 -0.00422644883291459   10    5    9    7
 0.035328061370291   10    5   10    5
 -4.714831586912433e-14   10    6    6    1
 0.008591552540279107   10    6    6    2
 -0.02383218784080469   10    6    6    4
 -1.073464844888577e-15   10    6    7    6
 0.009489605467290387   10    6    8    1
 5.198376656775773e-14   10    6    8    2
 0.03264992196396863   10    6    8    3
 -0.004226448832914591   10    6    8    7
 -0.002768690219817274   10    6    9    1
 -1.516710409483422e-14   10    6    9    2
 -0.00952595130862156   10    6    9    3
 0.001233110015857173   10    6    9    7
 0.03532806137029101   10    6   10    6
 -2.121160428929723e-12   10    7    1    1
 0.193392402368399   10    7    2    1
 2.116046612104864e-12   10    7    2    2
 3.722701831561261e-14   10    7    3    1
 -0.006822338854576967   10    7    3    2
 -4.468616285916539e-15   10    7    3    3
 0.001709794787990116   10    7    4    1
 9.231945841281574e-15   10    7    4    2
 -0.05486854125560096   10    7    4    3
 -9.267862514782159e-15   10    7    4    4
 -3.061975944284554e-15   10    7    5    5
 -3.208871177553277e-15   10    7    6    6
 1.820126350957597e-14   10    7    7    1
 -0.00340270203578467   10    7    7    2
 -3.490172295390221e-15   10    7    7    3
 0.1243940651171765   10    7    7    4
 1.125038549265722e-14   10    7    7    7
 0.02581785761308542   10    7    8    5
 0.08848995853896192   10    7    8    6
 0.08848995853896191   10    7    9    5
 -0.02581785761308541   10    7    9    6
 -0.009539051288223159   10    7   10    1
 -5.296689373529127e-14   10    7   10    2
 0.05890054433069773   10    7   10    3
 -1.829030039072453e-15   10    7   10    4
 0.09185681488602641   10    7   10    7
 -1.473359989602582e-15   10    7   10   10
 0.003112565723134108   10    8    5    1
 1.704668763664187e-14   10    8    5    2
 0.01725500226448138   10    8    5    3
 0.01066822878635496   10    8    6    1
 5.84239365991464e-14   10    8    6    2
 0.0591410200589133   10    8    6    3
 0.0001273768940305902   10    8    7    5
 0.0004365806117807322   10    8    7    6
 -6.889566028881412e-14   10    8    8    1
 0.01260360771988055   10    8    8    2
 -0.0360414513201201   10    8    8    4
 -1.678244402302224e-15   10    8    8    7
 0.04714952454261912   10    8   10    8
 0.01066822878635495   10    9    5    1
 5.842541412245142e-14   10    9    5    2
 0.05914102005891329   10    9    5    3
 -0.003112565723134108   10    9    6    1
 -1.704682316191343e-14   10    9    6    2
 -0.01725500226448138   10    9    6    3
 0.0004365806117807348   10    9    7    5
 -0.0001273768940305908   10    9    7    6
 -6.8919609774627e-14   10    9    9    1
 0.01260360771988055   10    9    9    2
 -0.03604145132012009   10    9    9    4
 -1.670473106137203e-15   10    9    9    7
 0.04714952454261911   10    9   10    9
 0.8956729215046403   10   10    1    1
 1.911790450394696e-15   10   10    2    1
 0.8957475766804374   10   10    2    2
 -0.005514934566746937   10   10    3    1
 -3.024515470312248e-14   10   10    3    2
 0.7240331771391862   10   10    3    3
 -1.155396624844821e-13   10   10    4    1
 0.02094107364424543   10   10    4    2
 -4.856290413849831e-15   10   10    4    3
 0.5594241460369747   10   10    4    4
 0.6198916685031076   10   10    5    5
 0.6198916685031077   10   10    6    6
 0.02287761268131909   10   10    7    1
 1.261998834043256e-13   10   10    7    2
 0.08754638081316161   10   10    7    3
 0.5940508906426171   10   10    7    7
 1.285482326406252e-15   10   10    8    6
 0.6212860536620183   10   10    8    8
 1.13222840295545e-15   10   10    9    5
 0.6212860536620182   10   10    9    9
 -7.389710001350867e-14   10   10   10    1
 0.0135394127996691   10   10   10    2
 -0.04567952067177834   10   10   10    4
 -1.767983818037767e-15   10   10   10    7
 0.7599617428972859   10   10   10   10
 -27.54796846847445    1    1  0  0
 -2.449222070210634e-14    2    1  0  0
 -27.54715689368833    2    2  0  0
 0.4635335230994373    3    1  0  0
 2.539502495802525e-12    3    2  0  0
 -9.531460293324299    3    3  0  0
 2.738029635304321e-12    4    1  0  0
 -0.4988442646061984    4    2  0  0
 3.797775693059433e-14    4    3  0  0
 -7.674962729832015    4    4  0  0
 -1.121227592703579e-15    5    1  0  0
 -2.966687178174027e-15    5    3  0  0
 -8.053526474361691    5    5  0  0
 -1.780139997875062e-15    6    1  0  0
 -8.053526474361693    6    6  0  0
 -0.2627488557173004    7    1  0  0
 -1.462665703100679e-12    7    2  0  0
 -0.706909596983751    7    3  0  0
 5.575026578899875e-15    7    4  0  0
 -1.30201733249358e-15    7    6  0  0
 -7.775904985928521    7    7  0  0
 -3.217605806016777e-15    8    1  0  0
 2.651671612658006e-15    8    2  0  0
 -1.196751790003654e-15    8    3  0  0
 -2.493372095877256e-15    8    6  0  0
 -7.831929586935058    8    8  0  0
 -7.831929586935057    9    9  0  0
 -1.273528991125593e-12   10    1  0  0
 0.2319505179737988   10    2  0  0
 0.424479088010139   10    4  0  0
 1.242302959128811e-15   10    5  0  0
 1.712312625787747e-14   10    7  0  0
 1.058509147495174e-15   10    9  0  0
 -8.310748111914096   10   10  0  0
 0  0  0  0  0
