&FCI
NORB=10,
NELEC=14,
MS2=0,
UHF=.FALSE.,
ORBSYM=1,1,1,1,1,1,1,1,1,1,
ISYM=1,
&END
  2.30678744263930513014E+00   1   1   1   1
 -4.39845640417720989655E-10   1   1   2   1
  2.30627006994278005436E+00   1   1   2   2
  1.91417911449578204142E-01   1   1   3   1
 -2.47376364186509186157E-11   1   1   3   2
  7.86724526709470683983E-01   1   1   3   3
 -6.74402621759085889304E-11   1   1   4   1
  1.91530762085699995945E-01   1   1   4   2
 -4.16132131057674157710E-11   1   1   4   3
  6.67114603206419465309E-01   1   1   4   4
  6.87914898390509121917E-01   1   1   5   5
  6.87914898390509343962E-01   1   1   6   6
  8.35803083259818030415E-02   1   1   7   1
 -6.80260697423436689704E-12   1   1   7   2
 -6.54639042508398105724E-02   1   1   7   3
 -6.07709006358198901996E-11   1   1   7   4
  6.85360045700096676136E-01   1   1   7   7
  6.63695563234965871974E-11   1   1   8   6
  7.27611536131505753922E-01   1   1   8   8
 -6.63957299172237277836E-11   1   1   9   5
  7.27611536131505087788E-01   1   1   9   9
 -5.18468278395761379994E-11   1   1  10   1
  1.31244503236199766549E-01   1   1  10   2
 -5.45641125745214987378E-11   1   1  10   3
  4.91988852531531767331E-02   1   1  10   4
  4.64786287853308379343E-11   1   1  10   7
  8.95672076456543453382E-01   1   1  10  10
 -4.39845868072014658584E-10   2   1   1   1
  1.82502310217254870572E+00   2   1   2   1
  4.39967866130794602578E-10   2   1   2   2
 -2.38879855431674684842E-11   2   1   3   1
  1.98333236651299371633E-01   2   1   3   2
  1.84634711923494732044E-01   2   1   4   1
  2.23808436221750613356E-11   2   1   4   2
  1.72209159034245301578E-01   2   1   4   3
 -8.61290064418641850430E-12   2   1   7   1
  6.85648666430301867436E-02   2   1   7   2
  2.52184010136514868972E-01   2   1   7   4
  2.46497191705518379004E-03   2   1   8   5
 -2.75389679776344653561E-01   2   1   8   6
  2.75389679776344542539E-01   2   1   9   5
  2.46497191705503937431E-03   2   1   9   6
  1.49580757158321392408E-01   2   1  10   1
  1.80761354547911213451E-11   2   1  10   2
  2.26292885694844014832E-01   2   1  10   3
 -1.93396533847213669688E-01   2   1  10   7
  2.30627006994278094254E+00   2   2   1   1
  4.39968360339807931828E-10   2   2   2   1
  2.30575415106759473716E+00   2   2   2   2
  1.91280542439372341912E-01   2   2   3   1
  7.08589998262983714274E-11   2   2   3   2
  7.86810635473940367390E-01   2   2   3   3
  2.15751327654885154582E-11   2   2   4   1
  1.91481625109492542558E-01   2   2   4   2
  4.14059092181879176176E-11   2   2   4   3
  6.67050550631103966737E-01   2   2   4   4
  6.87958859306223802221E-01   2   2   5   5
  6.87958859306223913244E-01   2   2   6   6
  8.36392468953714163238E-02   2   2   7   1
  2.62585139013164837820E-11   2   2   7   2
 -6.55220529651858452080E-02   2   2   7   3
  6.08028939281447487103E-11   2   2   7   4
  6.85296567024681779756E-01   2   2   7   7
 -6.63913792894948007473E-11   2   2   8   6
  7.27640711660380246073E-01   2   2   8   8
  6.63651868133260085495E-11   2   2   9   5
  7.27640711660379579939E-01   2   2   9   9
  2.02898020853039253731E-11   2   2  10   1
  1.31027979283454193427E-01   2   2  10   2
  5.45277545605084402750E-11   2   2  10   3
  4.92755650036945103132E-02   2   2  10   4
 -4.67550900946041923246E-11   2   2  10   7
  8.95746716441352841542E-01   2   2  10  10
  1.91417911449578176386E-01   3   1   1   1
 -2.38879276670828906242E-11   3   1   2   1
  1.91280542439372203134E-01   3   1   2   2
  3.09373092103724135760E-02   3   1   3   1
 -2.01534727663224468713E-03   3   1   3   3
 -6.23531232922407549127E-12   3   1   4   1
  2.58198028706336894789E-02   3   1   4   2
  1.25595568906420179678E-02   3   1   4   4
  1.51708835998187914484E-03   3   1   5   5
  1.51708835998187936168E-03   3   1   6   6
  6.56742152119075845579E-03   3   1   7   1
  7.23312937732305781535E-03   3   1   7   3
 -1.67605305337600484451E-12   3   1   7   4
  8.97270898879403040749E-03   3   1   7   7
  1.06330286258274447554E-12   3   1   8   6
  5.94731298149452688312E-03   3   1   8   8
 -1.06628658365081553165E-12   3   1   9   5
  5.94731298149452081159E-03   3   1   9   9
 -6.68991542253041958332E-12   3   1  10   1
  2.79994843031285065016E-02   3   1  10   2
 -2.87397226361216185861E-03   3   1  10   4
  5.51472594307379077039E-03   3   1  10  10
 -2.47377700194487048104E-11   3   2   1   1
  1.98333236651299399389E-01   3   2   2   1
  7.08589438130509381930E-11   3   2   2   2
  3.06765066132968465540E-02   3   2   3   2
  2.60151699448390866243E-02   3   2   4   1
  6.25980185091478895689E-12   3   2   4   2
  8.29871294601990452944E-03   3   2   4   3
  1.56075485018337536121E-12   3   2   4   4
  7.02563434491335764287E-03   3   2   7   2
  1.38697138259841947633E-02   3   2   7   4
  1.03964619220904586468E-12   3   2   7   7
  7.90806849054917184371E-05   3   2   8   5
 -8.83499091488020027452E-03   3   2   8   6
  8.83499091488019333562E-03   3   2   9   5
  7.90806849054870970254E-05   3   2   9   6
  2.75271278328043968175E-02   3   2  10   1
  6.69440205378659434539E-12   3   2  10   2
  4.98887165653056578046E-03   3   2  10   3
 -6.82225869936073890665E-03   3   2  10   7
  7.86724526709470572960E-01   3   3   1   1
  7.86810635473940478413E-01   3   3   2   2
 -2.01534727663227157535E-03   3   3   3   1
  7.47060134997792557598E-01   3   3   3   3
 -2.15819906515287333517E-12   3   3   4   1
  1.82609956777350507240E-02   3   3   4   2
  5.11914004158593227700E-01   3   3   4   4
  6.17081347669237167963E-01   3   3   5   5
  6.17081347669237278986E-01   3   3   6   6
  2.54847900848919166339E-02   3   3   7   1
  3.04802941780140696043E-12   3   3   7   2
 -1.08864084302467620247E-01   3   3   7   3
  5.42400309193823426668E-01   3   3   7   7
  5.95962833933726510161E-01   3   3   8   8
  5.95962833933725955049E-01   3   3   9   9
  2.67334779420568064492E-12   3   3  10   1
 -2.21238883414166045971E-02   3   3  10   2
  7.35494450021027951214E-02   3   3  10   4
  7.24030468660867287944E-01   3   3  10  10
 -6.74403275562207781396E-11   4   1   1   1
  1.84634711923494732044E-01   4   1   2   1
  2.15750730767473364793E-11   4   1   2   2
 -6.23532276753172200654E-12   4   1   3   1
  2.60151699448390866243E-02   4   1   3   2
 -2.15822401557841117468E-12   4   1   3   3
  2.87191287034888644014E-02   4   1   4   1
  4.83062210915846754894E-03   4   1   4   3
 -3.64252973333227237460E-12   4   1   7   1
  1.47834895062739918314E-02   4   1   7   2
 -2.31961916882078046653E-03   4   1   7   4
  2.46037695200703268074E-05   4   1   8   5
 -2.74876324656783905045E-03   4   1   8   6
  2.74876324656783731573E-03   4   1   9   5
  2.46037695200688868514E-05   4   1   9   6
  1.48222409039690233151E-02   4   1  10   1
  1.14467005033818888804E-02   4   1  10   3
 -1.70983025440234605134E-03   4   1  10   7
 -2.48573366612270155601E-12   4   1  10  10
  1.91530762085700079211E-01   4   2   1   1
  2.23808385451820079175E-11   4   2   2   1
  1.91481625109492570314E-01   4   2   2   2
  2.58198028706337068261E-02   4   2   3   1
  6.25980994930837657142E-12   4   2   3   2
  1.82609956777350368462E-02   4   2   3   3
  2.89145156001280323466E-02   4   2   4   2
  4.91346611436273630891E-03   4   2   4   4
  7.72610529975076461284E-03   4   2   5   5
  7.72610529975076548020E-03   4   2   6   6
  1.52147752101770492028E-02   4   2   7   1
  3.58656612348621698772E-12   4   2   7   2
 -4.77225901046086226076E-03   4   2   7   3
  3.72539615284865057929E-03   4   2   7   7
  7.74211000808128994161E-03   4   2   8   8
  7.74211000808128213535E-03   4   2   9   9
  1.42925841828018349716E-02   4   2  10   2
  1.39670838124007472886E-12   4   2  10   3
  7.46241115445043547150E-03   4   2  10   4
  2.09402939082176005325E-02   4   2  10  10
 -4.16131998327995057217E-11   4   3   1   1
  1.72209159034245329334E-01   4   3   2   1
  4.14059484420000596258E-11   4   3   2   2
  8.29871294601990799888E-03   4   3   3   2
  4.83062210915847882464E-03   4   3   4   1
  5.65313193329935459452E-02   4   3   4   3
 -7.77138807203466637670E-04   4   3   7   2
  9.31239787796192819425E-02   4   3   7   4
  8.65953876326540556742E-04   4   3   8   5
 -9.67454270179061021073E-02   4   3   8   6
  9.67454270179060604740E-02   4   3   9   5
  8.65953876326489816080E-04   4   3   9   6
  8.13508720177677328855E-03   4   3  10   1
  1.00747057606509528209E-12   4   3  10   2
  5.92224297227683382783E-02   4   3  10   3
 -5.48713981619664906142E-02   4   3  10   7
  6.67114603206419576331E-01   4   4   1   1
  6.67050550631104077759E-01   4   4   2   2
  1.25595568906420370497E-02   4   4   3   1
  1.56073816009589529467E-12   4   4   3   2
  5.11914004158593338722E-01   4   4   3   3
  4.91346611436273023737E-03   4   4   4   2
  5.45326440555300107071E-01   4   4   4   4
  5.09984502202772471691E-01   4   4   5   5
  5.09984502202772471691E-01   4   4   6   6
 -4.20463774360966754950E-03   4   4   7   1
  1.14857193463720501023E-03   4   4   7   3
  5.57050985405433074504E-01   4   4   7   7
  5.35841308666990090437E-01   4   4   8   8
  5.35841308666989646348E-01   4   4   9   9
 -1.86759796903399000426E-12   4   4  10   1
  1.62185445658331803265E-02   4   4  10   2
 -1.97995994557939279657E-02   4   4  10   4
  5.59424743625762554977E-01   4   4  10  10
  9.77090027198647924356E-03   5   1   5   1
 -1.66167992726480966137E-02   5   1   5   3
  1.36262185917505480186E-12   5   1   5   4
 -4.86044392940984497364E-03   5   1   7   5
  1.06390785172854267877E-04   5   1   8   2
 -1.39702816646597335849E-04   5   1   8   4
 -2.79697652379925048272E-12   5   1   9   1
  1.18861087451692382100E-02   5   1   9   2
  1.37756498859436246481E-12   5   1   9   3
 -1.56077696763871551222E-02   5   1   9   4
  1.04224178689585829152E-12   5   1  10   5
 -9.94652430385342006293E-05   5   1  10   8
 -1.11123787008422028610E-02   5   1  10   9
  9.27041611149454804208E-03   5   2   5   2
 -1.99077465699759120653E-12   5   2   5   3
 -1.12837697869336613804E-02   5   2   5   4
  1.01226113109772941005E-04   5   2   8   1
 -1.02378544999717042367E-04   5   2   8   3
 -6.28804990552307013774E-05   5   2   8   7
  1.13091052605611992049E-02   5   2   9   1
  2.79357616631154214223E-12   5   2   9   2
 -1.14378563619185330547E-02   5   2   9   3
 -1.89043960972313564898E-12   5   2   9   4
 -7.02508632215344003963E-03   5   2   9   7
 -8.59140873572221581977E-03   5   2  10   5
 -1.33970407728403142968E-12   5   2  10   9
 -1.66167992726481000831E-02   5   3   5   1
 -1.99077490780495476772E-12   5   3   5   2
  1.04944172588035206095E-01   5   3   5   3
  1.38374110483539519006E-02   5   3   7   5
 -1.68659284196835240191E-04   5   3   8   2
  6.63261539339843352904E-04   5   3   8   4
  2.26983111975469796649E-12   5   3   9   1
 -1.88428216747242270601E-02   5   3   9   2
  7.41003910279744160139E-02   5   3   9   4
  5.51407732342674527896E-04   5   3  10   8
  6.16039467976826904394E-02   5   3  10   9
  1.36262085271535484803E-12   5   4   5   1
 -1.12837697869336648498E-02   5   4   5   2
  5.08864468607872974526E-02   5   4   5   4
 -1.20567536708110787996E-04   5   4   8   1
  3.84342661221489969962E-04   5   4   8   3
  3.50196846896491296129E-04   5   4   8   7
 -1.34699527794766259203E-02   5   4   9   1
 -1.63158948119141701445E-12   5   4   9   2
  4.29392325591369666826E-02   5   4   9   3
  3.91244203872004037148E-02   5   4   9   7
  2.38321339754637671893E-02   5   4  10   5
  6.87914898390509121917E-01   5   5   1   1
  6.87958859306223913244E-01   5   5   2   2
  1.51708835998187675960E-03   5   5   3   1
  6.17081347669237278986E-01   5   5   3   3
  7.72610529975080190940E-03   5   5   4   2
  5.09984502202772360668E-01   5   5   4   4
  5.87969830836620577230E-01   5   5   5   5
  5.39998527202034339645E-01   5   5   6   6
  8.94426750259835236234E-03   5   5   7   1
  1.07036557760074519023E-12   5   5   7   2
 -4.69561368172877122151E-02   5   5   7   3
  5.17736782983576948602E-01   5   5   7   7
  5.41281520094779144969E-01   5   5   8   8
  4.09481559600599859076E-04   5   5   9   8
  5.87025635943295154284E-01   5   5   9   9
 -6.43499561443265123695E-03   5   5  10   2
  4.16792035434289526163E-02   5   5  10   4
  6.19891226115499516247E-01   5   5  10  10
  9.77090027198648097828E-03   6   1   6   1
 -1.66167992726481000831E-02   6   1   6   3
  1.34302776727510577479E-12   6   1   6   4
 -4.86044392940984670837E-03   6   1   7   6
  2.79425989291468287635E-12   6   1   8   1
 -1.18861087451692451489E-02   6   1   8   2
 -1.37971839868370501433E-12   6   1   8   3
  1.56077696763871620611E-02   6   1   8   4
  1.06390785172848047267E-04   6   1   9   2
 -1.39702816646589123017E-04   6   1   9   4
  1.02809564699841110934E-12   6   1  10   6
  1.11123787008422150041E-02   6   1  10   8
 -9.94652430385283730426E-05   6   1  10   9
  9.27041611149454977681E-03   6   2   6   2
 -2.01117842131973473495E-12   6   2   6   3
 -1.12837697869336631151E-02   6   2   6   4
 -1.13091052605612061438E-02   6   2   8   1
 -2.79708705803504391416E-12   6   2   8   2
  1.14378563619185382588E-02   6   2   8   3
  1.89531312033522652764E-12   6   2   8   4
  7.02508632215344524380E-03   6   2   8   7
  1.01226113109767018551E-04   6   2   9   1
 -1.02378544999711038597E-04   6   2   9   3
 -6.28804990552270150900E-05   6   2   9   7
 -8.59140873572221755450E-03   6   2  10   6
  1.34240389453577012671E-12   6   2  10   8
 -1.66167992726481035526E-02   6   3   6   1
 -2.01117903338963954019E-12   6   3   6   2
  1.04944172588035233851E-01   6   3   6   3
  1.38374110483539553701E-02   6   3   7   6
 -2.27198238861440609836E-12   6   3   8   1
  1.88428216747242339990E-02   6   3   8   2
 -7.41003910279744576473E-02   6   3   8   4
 -1.68659284196825373951E-04   6   3   9   2
  6.63261539339804646886E-04   6   3   9   4
 -6.16039467976827251339E-02   6   3  10   8
  5.51407732342642327092E-04   6   3  10   9
  1.34302705851147918065E-12   6   4   6   1
 -1.12837697869336648498E-02   6   4   6   2
  5.08864468607873043915E-02   6   4   6   4
  1.34699527794766293898E-02   6   4   8   1
  1.63646385690240849755E-12   6   4   8   2
 -4.29392325591369805604E-02   6   4   8   3
 -3.91244203872004245315E-02   6   4   8   7
 -1.20567536708103727129E-04   6   4   9   1
  3.84342661221467472767E-04   6   4   9   3
  3.50196846896470750498E-04   6   4   9   7
  2.38321339754637671893E-02   6   4  10   6
  2.39856518172930563426E-02   6   5   6   5
 -4.09481559600576060839E-04   6   5   8   8
 -2.28720579242580011881E-02   6   5   9   8
  4.09481559600295198266E-04   6   5   9   9
  6.87914898390509454984E-01   6   6   1   1
  6.87958859306223913244E-01   6   6   2   2
  1.51708835998187849432E-03   6   6   3   1
  6.17081347669237278986E-01   6   6   3   3
  7.72610529975076808229E-03   6   6   4   2
  5.09984502202772471691E-01   6   6   4   4
  5.39998527202034339645E-01   6   6   5   5
  5.87969830836620688252E-01   6   6   6   6
  8.94426750259834368872E-03   6   6   7   1
  1.06526428114267926720E-12   6   6   7   2
 -4.69561368172876775207E-02   6   6   7   3
  5.17736782983577059625E-01   6   6   7   7
  5.87025635943295709396E-01   6   6   8   8
 -4.09481559600268472682E-04   6   6   9   8
  5.41281520094778700880E-01   6   6   9   9
 -6.43499561443269547240E-03   6   6  10   2
  4.16792035434291538443E-02   6   6  10   4
  6.19891226115499738292E-01   6   6  10  10
  8.35803083259818307971E-02   7   1   1   1
 -8.61289012835050490478E-12   7   1   2   1
  8.36392468953714440794E-02   7   1   2   2
  6.56742152119076019051E-03   7   1   3   1
  2.54847900848919409200E-02   7   1   3   3
 -3.64253015057926545043E-12   7   1   4   1
  1.52147752101770439986E-02   7   1   4   2
 -4.20463774360967188631E-03   7   1   4   4
  8.94426750259833328038E-03   7   1   5   5
  8.94426750259833501511E-03   7   1   6   6
  1.42685188438667759359E-02   7   1   7   1
 -1.23612531296879175208E-02   7   1   7   3
  1.78796299005027304912E-12   7   1   7   4
 -2.69977496451012655143E-03   7   1   7   7
  5.35716079760234151208E-03   7   1   8   8
  5.35716079760233630791E-03   7   1   9   9
  1.31366809295573041766E-12   7   1  10   1
 -6.11891896175864070939E-03   7   1  10   2
 -1.33750150492965875615E-12   7   1  10   3
  1.22327264057693185090E-02   7   1  10   4
  2.28770195300562612095E-02   7   1  10  10
 -6.80269030882181876792E-12   7   2   1   1
  6.85648666430302006214E-02   7   2   2   1
  2.62585208705488651664E-11   7   2   2   2
  7.02563434491335851023E-03   7   2   3   2
  3.04802326329222863372E-12   7   2   3   3
  1.47834895062739883620E-02   7   2   4   1
  3.58656552373041021326E-12   7   2   4   2
 -7.77138807203470649218E-04   7   2   4   3
  1.07034531377117475245E-12   7   2   5   5
  1.06525301957006764238E-12   7   2   6   6
  1.33153681444452467314E-02   7   2   7   2
 -1.48780031453254670701E-12   7   2   7   3
 -1.48684580590897133523E-02   7   2   7   4
 -3.38191221746718983826E-05   7   2   8   5
  3.77831372502061184696E-03   7   2   8   6
 -3.77831372502060967855E-03   7   2   9   5
 -3.38191221746699129374E-05   7   2   9   6
 -5.02961958070482443445E-03   7   2  10   1
 -1.37335944177333842982E-12   7   2  10   2
  1.09275446364393100801E-02   7   2  10   3
  1.46789416269807714033E-12   7   2  10   4
  3.40276320241487354595E-03   7   2  10   7
  2.72876669791314893371E-12   7   2  10  10
 -6.54639042508398938391E-02   7   3   1   1
 -6.55220529651858590858E-02   7   3   2   2
  7.23312937732304046812E-03   7   3   3   1
 -1.08864084302467689636E-01   7   3   3   3
 -4.77225901046086573021E-03   7   3   4   2
  1.14857193463718007358E-03   7   3   4   4
 -4.69561368172877052762E-02   7   3   5   5
 -4.69561368172877122151E-02   7   3   6   6
 -1.23612531296879261944E-02   7   3   7   1
 -1.48781533599798495605E-12   7   3   7   2
  5.16722723393994859409E-02   7   3   7   3
 -1.61652548712690642685E-02   7   3   7   7
 -2.92248396395583878715E-02   7   3   8   8
 -2.92248396395583566465E-02   7   3   9   9
 -2.03929354143875206588E-12   7   3  10   1
  1.67893722679738621739E-02   7   3  10   2
 -2.97529753099296974395E-02   7   3  10   4
 -8.75475856925118783858E-02   7   3  10  10
 -6.07709147913214653129E-11   7   4   1   1
  2.52184010136514924483E-01   7   4   2   1
  6.08029932395063353102E-11   7   4   2   2
 -1.67606620457220668003E-12   7   4   3   1
  1.38697138259842121105E-02   7   4   3   2
 -2.31961916882077222660E-03   7   4   4   1
  9.31239787796192403091E-02   7   4   4   3
  1.78795503673312355003E-12   7   4   7   1
 -1.48684580590897168217E-02   7   4   7   2
  2.23506767662861732804E-01   7   4   7   4
  1.40893791574539690992E-03   7   4   8   5
 -1.57408268531275541413E-01   7   4   8   6
  1.57408268531275458146E-01   7   4   9   5
  1.40893791574531451055E-03   7   4   9   6
  2.62395178752593549731E-02   7   4  10   1
  3.15655491525478722362E-12   7   4  10   2
  5.67620080463401843751E-02   7   4  10   3
 -1.24394817876017069191E-01   7   4  10   7
 -4.86044392940984584101E-03   7   5   5   1
  1.38374110483539536354E-02   7   5   5   3
  2.80587176850712188836E-02   7   5   7   5
 -5.56417173168425259998E-05   7   5   8   2
  3.34926283190162276966E-04   7   5   8   4
 -6.21636076584482395735E-03   7   5   9   2
  3.74183743182803923988E-02   7   5   9   4
 -4.07831873172489403482E-06   7   5  10   8
 -4.55634760698359346683E-04   7   5  10   9
 -4.86044392940984670837E-03   7   6   6   1
  1.38374110483539553701E-02   7   6   6   3
  2.80587176850712258225E-02   7   6   7   6
  6.21636076584482742680E-03   7   6   8   2
 -3.74183743182804132155E-02   7   6   8   4
 -5.56417173168392733933E-05   7   6   9   2
  3.34926283190142761326E-04   7   6   9   4
  4.55634760698351648847E-04   7   6  10   8
 -4.07831873172466364186E-06   7   6  10   9
  6.85360045700096565113E-01   7   7   1   1
  6.85296567024681668734E-01   7   7   2   2
  8.97270898879401826442E-03   7   7   3   1
  1.03964353269570513733E-12   7   7   3   2
  5.42400309193823426668E-01   7   7   3   3
  3.72539615284865448241E-03   7   7   4   2
  5.57050985405432963482E-01   7   7   4   4
  5.17736782983577059625E-01   7   7   5   5
  5.17736782983577059625E-01   7   7   6   6
 -2.69977496451015387333E-03   7   7   7   1
 -1.61652548712691024324E-02   7   7   7   3
  5.84881804595003718106E-01   7   7   7   7
  5.40493760213430207706E-01   7   7   8   8
  5.40493760213429763617E-01   7   7   9   9
 -1.54199948951735942017E-12   7   7  10   1
  1.21146287395285136290E-02   7   7  10   2
 -2.74345312701898200181E-02   7   7  10   4
  5.94053059255928328497E-01   7   7  10  10
  1.01226113109772954558E-04   8   1   5   2
 -1.20567536708110760891E-04   8   1   5   4
  2.79425792461595702967E-12   8   1   6   1
 -1.13091052605612061438E-02   8   1   6   2
 -2.27198249690299015401E-12   8   1   6   3
  1.34699527794766293898E-02   8   1   6   4
  1.38151097746570979130E-02   8   1   8   1
 -1.34416496942353306393E-02   8   1   8   3
  2.22675938175938931360E-12   8   1   8   4
 -8.60607555337983450017E-03   8   1   8   7
 -8.84767197707826328181E-05   8   1  10   5
  9.88472743107187898359E-03   8   1  10   6
  1.52248687024952731046E-12   8   1  10   8
  1.06390785172854294982E-04   8   2   5   1
 -1.68659284196835240191E-04   8   2   5   3
 -1.18861087451692468836E-02   8   2   6   1
 -2.79708728238491037484E-12   8   2   6   2
  1.88428216747242374685E-02   8   2   6   3
  1.63645971275602220611E-12   8   2   6   4
 -5.56417173168425327760E-05   8   2   7   5
  6.21636076584482916152E-03   8   2   7   6
  1.44957271157635583791E-02   8   2   8   2
 -1.61102094999213499744E-12   8   2   8   3
 -1.85311769427694700285E-02   8   2   8   4
  1.19418694490177351101E-12   8   2  10   6
 -1.26033914146418835750E-02   8   2  10   8
 -1.02378544999717042367E-04   8   3   5   2
  3.84342661221490024172E-04   8   3   5   4
 -1.37971599780767715298E-12   8   3   6   1
  1.14378563619185399935E-02   8   3   6   2
 -4.29392325591369874993E-02   8   3   6   4
 -1.34416496942353341087E-02   8   3   8   1
 -1.61102078346482393397E-12   8   3   8   2
  4.42614823395841433529E-02   8   3   8   3
  2.49948615212965408183E-02   8   3   8   7
  3.04415539069510755407E-04   8   3  10   5
 -3.40096766390134627733E-02   8   3  10   6
 -1.39702816646597335849E-04   8   4   5   1
  6.63261539339843461324E-04   8   4   5   3
  1.56077696763871655306E-02   8   4   6   1
  1.89531419766794554195E-12   8   4   6   2
 -7.41003910279744437695E-02   8   4   6   3
  3.34926283190162331176E-04   8   4   7   5
 -3.74183743182804201544E-02   8   4   7   6
  2.22675651135555250803E-12   8   4   8   1
 -1.85311769427694734980E-02   8   4   8   2
  8.23650547446730385559E-02   8   4   8   4
  3.60413066315761129732E-02   8   4  10   8
  2.46497191705518379004E-03   8   5   2   1
  7.90806849054917319897E-05   8   5   3   2
  2.46037695200705809173E-05   8   5   4   1
  8.65953876326540990423E-04   8   5   4   3
 -3.38191221746718983826E-05   8   5   7   2
  1.40893791574539712676E-03   8   5   7   4
  1.89944828655288985853E-02   8   5   8   5
 -1.51003366965428973724E-03   8   5   8   6
  1.51003366965428821936E-03   8   5   9   5
 -1.89674506935714783096E-02   8   5   9   6
  8.86847022210351249027E-05   8   5  10   1
  9.14209124343811209250E-04   8   5  10   3
 -8.25068549674711328515E-04   8   5  10   7
  6.63695138914536278931E-11   8   6   1   1
 -2.75389679776344709072E-01   8   6   2   1
 -6.63913538181138231982E-11   8   6   2   2
  1.06329661454273927062E-12   8   6   3   1
 -8.83499091488020374396E-03   8   6   3   2
 -2.74876324656787461229E-03   8   6   4   1
 -9.67454270179062131296E-02   8   6   4   3
  3.77831372502060577542E-03   8   6   7   2
 -1.57408268531275569169E-01   8   6   7   4
 -1.51003366965428952040E-03   8   6   8   5
  1.87683776681900477135E-01   8   6   8   6
 -1.49721843122799569414E-01   8   6   9   5
 -1.51003366965419020748E-03   8   6   9   6
 -9.90796348499114847008E-03   8   6  10   1
 -1.19564424751568417116E-12   8   6  10   2
 -1.02136562392332694293E-01   8   6  10   3
  9.21776682794414881084E-02   8   6  10   7
 -6.28804990552307013774E-05   8   7   5   2
  3.50196846896491241919E-04   8   7   5   4
  7.02508632215344524380E-03   8   7   6   2
 -3.91244203872004175926E-02   8   7   6   4
 -8.60607555337983623489E-03   8   7   8   1
  2.49948615212965269405E-02   8   7   8   3
  3.81580328970784615761E-02   8   7   8   7
  3.94008481297374973636E-05   8   7  10   5
 -4.40191098092818002691E-03   8   7  10   6
  7.27611536131505864944E-01   8   8   1   1
  7.27640711660380357095E-01   8   8   2   2
  5.94731298149453902618E-03   8   8   3   1
  5.95962833933726510161E-01   8   8   3   3
  7.74211000808129688050E-03   8   8   4   2
  5.35841308666990201459E-01   8   8   4   4
  5.41281520094779144969E-01   8   8   5   5
 -4.09481559600575843998E-04   8   8   6   5
  5.87025635943295709396E-01   8   8   6   6
  5.35716079760233544055E-03   8   8   7   1
 -2.92248396395583635854E-02   8   8   7   3
  5.40493760213430207706E-01   8   8   7   7
  6.04694900543410351901E-01   8   8   8   8
  5.54563122561702481761E-01   8   8   9   9
  3.34859788360666692491E-04   8   8  10   2
  2.84938158470454498683E-02   8   8  10   4
  6.21285738208358861989E-01   8   8  10  10
 -2.79697785890653682116E-12   9   1   5   1
  1.13091052605611992049E-02   9   1   5   2
  2.26983078710334617911E-12   9   1   5   3
 -1.34699527794766207162E-02   9   1   5   4
  1.01226113109767018551E-04   9   1   6   2
 -1.20567536708103700024E-04   9   1   6   4
  1.38151097746570840352E-02   9   1   9   1
 -1.34416496942353184962E-02   9   1   9   3
  2.20714907864980218900E-12   9   1   9   4
 -8.60607555337982582655E-03   9   1   9   7
 -9.88472743107187377942E-03   9   1  10   5
 -8.84767197707774422002E-05   9   1  10   6
  1.50832296788791995505E-12   9   1  10   9
  1.18861087451692399447E-02   9   2   5   1
  2.79357366633705001212E-12   9   2   5   2
 -1.88428216747242235907E-02   9   2   5   3
 -1.63158695594276518589E-12   9   2   5   4
  1.06390785172848047267E-04   9   2   6   1
 -1.68659284196825346846E-04   9   2   6   3
 -6.21636076584482569207E-03   9   2   7   5
 -5.56417173168392733933E-05   9   2   7   6
  1.44957271157635427666E-02   9   2   9   2
 -1.63144308992926520290E-12   9   2   9   3
 -1.85311769427694526813E-02   9   2   9   4
 -1.00840641670120781156E-12   9   2   9   7
 -1.19148915210438213174E-12   9   2  10   5
 -1.26033914146418749014E-02   9   2  10   9
  1.37756250662867087633E-12   9   3   5   1
 -1.14378563619185313199E-02   9   3   5   2
  4.29392325591369597437E-02   9   3   5   4
 -1.02378544999711038597E-04   9   3   6   2
  3.84342661221467472767E-04   9   3   6   4
 -1.34416496942353202310E-02   9   3   9   1
 -1.63144365448039112289E-12   9   3   9   2
  4.42614823395840947806E-02   9   3   9   3
  2.49948615212965095933E-02   9   3   9   7
  3.40096766390134211400E-02   9   3  10   5
  3.04415539069492866071E-04   9   3  10   6
 -1.56077696763871585917E-02   9   4   5   1
 -1.89043999409210942793E-12   9   4   5   2
  7.41003910279744021361E-02   9   4   5   3
 -1.39702816646589150123E-04   9   4   6   1
  6.63261539339804538466E-04   9   4   6   3
  3.74183743182803923988E-02   9   4   7   5
  3.34926283190142652906E-04   9   4   7   6
  2.20714996207988910283E-12   9   4   9   1
 -1.85311769427694526813E-02   9   4   9   2
  8.23650547446729552892E-02   9   4   9   4
  3.60413066315760852176E-02   9   4  10   9
 -6.63956122711255693685E-11   9   5   1   1
  2.75389679776344598050E-01   9   5   2   1
  6.63652852885622391931E-11   9   5   2   2
 -1.06627557976779962759E-12   9   5   3   1
  8.83499091488019333562E-03   9   5   3   2
  2.74876324656786116818E-03   9   5   4   1
  9.67454270179061021073E-02   9   5   4   3
 -3.77831372502060404070E-03   9   5   7   2
  1.57408268531275485902E-01   9   5   7   4
  1.51003366965428821936E-03   9   5   8   5
 -1.49721843122799486148E-01   9   5   8   6
  1.87683776681900282846E-01   9   5   9   5
  1.51003366965419129168E-03   9   5   9   6
  9.90796348499110857144E-03   9   5  10   1
  1.19106013064109757944E-12   9   5  10   2
  1.02136562392332597149E-01   9   5  10   3
 -9.21776682794413770861E-02   9   5  10   7
  2.46497191705503937431E-03   9   6   2   1
  7.90806849054871647880E-05   9   6   3   2
  2.46037695200691985595E-05   9   6   4   1
  8.65953876326490358181E-04   9   6   4   3
 -3.38191221746698858323E-05   9   6   7   2
  1.40893791574531451055E-03   9   6   7   4
 -1.89674506935714783096E-02   9   6   8   5
 -1.51003366965418999064E-03   9   6   8   6
  1.51003366965419150852E-03   9   6   9   5
  1.89944828655288847075E-02   9   6   9   6
  8.86847022210298665222E-05   9   6  10   1
  9.14209124343757215982E-04   9   6  10   3
 -8.25068549674662647837E-04   9   6  10   7
 -7.02508632215344090699E-03   9   7   5   2
  3.91244203872003967759E-02   9   7   5   4
 -6.28804990552270150900E-05   9   7   6   2
  3.50196846896470750498E-04   9   7   6   4
 -8.60607555337982929600E-03   9   7   9   1
 -1.00840903760591525842E-12   9   7   9   2
  2.49948615212965095933E-02   9   7   9   3
  3.81580328970784268816E-02   9   7   9   7
  4.40191098092818002691E-03   9   7  10   5
  3.94008481297352476441E-05   9   7  10   6
  4.09481559600599371185E-04   9   8   5   5
 -2.28720579242579977186E-02   9   8   6   5
 -4.09481559600268472682E-04   9   8   6   6
  2.50658889908531301582E-02   9   8   9   8
  7.27611536131505198810E-01   9   9   1   1
  7.27640711660379801984E-01   9   9   2   2
  5.94731298149451300533E-03   9   9   3   1
  5.95962833933725955049E-01   9   9   3   3
  7.74211000808134285067E-03   9   9   4   2
  5.35841308666989646348E-01   9   9   4   4
  5.87025635943295265307E-01   9   9   5   5
  4.09481559600295415106E-04   9   9   6   5
  5.41281520094778700880E-01   9   9   6   6
  5.35716079760231722595E-03   9   9   7   1
 -2.92248396395583878715E-02   9   9   7   3
  5.40493760213429763617E-01   9   9   7   7
  5.54563122561702481761E-01   9   9   8   8
  6.04694900543409352700E-01   9   9   9   9
  3.34859788360741773491E-04   9   9  10   2
  2.84938158470453041515E-02   9   9  10   4
  6.21285738208358861989E-01   9   9  10  10
 -5.18469177168635841895E-11  10   1   1   1
  1.49580757158321475675E-01  10   1   2   1
  2.02897320321250346884E-11  10   1   2   2
 -6.68994866045084402688E-12  10   1   3   1
  2.75271278328044037564E-02  10   1   3   2
  2.67333154052341618306E-12  10   1   3   3
  1.48222409039690250498E-02  10   1   4   1
  8.13508720177677849272E-03  10   1   4   3
 -1.86763154169362785851E-12  10   1   4   4
  1.31365668370257737054E-12  10   1   7   1
 -5.02961958070482269972E-03  10   1   7   2
 -2.03927010412568054687E-12  10   1   7   3
  2.62395178752593653815E-02  10   1   7   4
 -1.54197325149999732709E-12  10   1   7   7
  8.86847022210347725370E-05  10   1   8   5
 -9.90796348499109122421E-03  10   1   8   6
  9.90796348499108602004E-03  10   1   9   5
  8.86847022210295819191E-05  10   1   9   6
  3.59222106909287408616E-02  10   1  10   1
 -5.97020532119999901982E-03  10   1  10   3
  1.64964707756669849784E-12  10   1  10   4
 -9.53892379398935466583E-03  10   1  10   7
  1.63363270951967262307E-12  10   1  10  10
  1.31244503236199766549E-01  10   2   1   1
  1.80760890018817339113E-11  10   2   2   1
  1.31027979283454193427E-01  10   2   2   2
  2.79994843031285099710E-02  10   2   3   1
  6.69441224830423454160E-12  10   2   3   2
 -2.21238883414166184749E-02  10   2   3   3
  1.42925841828018245633E-02  10   2   4   2
  1.00749590501351135446E-12  10   2   4   3
  1.62185445658331942043E-02  10   2   4   4
 -6.43499561443270848282E-03  10   2   5   5
 -6.43499561443270935018E-03  10   2   6   6
 -6.11891896175863463786E-03  10   2   7   1
 -1.37334903046856235995E-12  10   2   7   2
  1.67893722679738656434E-02  10   2   7   3
  3.15656418356396124737E-12  10   2   7   4
  1.21146287395285170985E-02  10   2   7   7
 -1.19563976080593290058E-12  10   2   8   6
  3.34859788360695803319E-04  10   2   8   8
  1.19107361279016384973E-12  10   2   9   5
  3.34859788360695640689E-04  10   2   9   9
  3.70308521598816109410E-02  10   2  10   2
 -1.37337475104944740922E-02  10   2  10   4
 -1.11957562431108402058E-12  10   2  10   7
 -1.35395769764672917884E-02  10   2  10  10
 -5.45644700270801860250E-11  10   3   1   1
  2.26292885694843876054E-01  10   3   2   1
  5.45275780853875046014E-11  10   3   2   2
  4.98887165653055797421E-03  10   3   3   2
  1.14467005033818906151E-02  10   3   4   1
  1.39665738242468707506E-12  10   3   4   2
  5.92224297227683590950E-02  10   3   4   3
 -1.33756105429201503404E-12  10   3   7   1
  1.09275446364392979370E-02  10   3   7   2
  5.67620080463403023363E-02  10   3   7   4
  9.14209124343811426090E-04  10   3   8   5
 -1.02136562392332680416E-01  10   3   8   6
  1.02136562392332638782E-01  10   3   9   5
  9.14209124343757866503E-04  10   3   9   6
 -5.97020532119998167259E-03  10   3  10   1
  1.06648418182831508649E-01  10   3  10   3
 -5.89006998923494035081E-02  10   3  10   7
  4.91988852531530795886E-02  10   4   1   1
  4.92755650036947392967E-02  10   4   2   2
 -2.87397226361214624610E-03  10   4   3   1
  7.35494450021026979769E-02  10   4   3   3
  7.46241115445042419579E-03  10   4   4   2
 -1.97995994557939730685E-02  10   4   4   4
  4.16792035434291538443E-02  10   4   5   5
  4.16792035434291538443E-02  10   4   6   6
  1.22327264057693167743E-02  10   4   7   1
  1.46788692545155838173E-12  10   4   7   2
 -2.97529753099297494812E-02  10   4   7   3
 -2.74345312701897610375E-02  10   4   7   7
  2.84938158470452729265E-02  10   4   8   8
  2.84938158470452521098E-02  10   4   9   9
  1.64966864031500245379E-12  10   4  10   1
 -1.37337475104944775617E-02  10   4  10   2
  4.79231076860470658896E-02  10   4  10   4
  4.56801333530592879040E-02  10   4  10  10
  1.04224268182882603811E-12  10   5   5   1
 -8.59140873572221755450E-03  10   5   5   2
  2.38321339754637671893E-02  10   5   5   4
 -8.84767197707826599231E-05  10   5   8   1
  3.04415539069510646987E-04  10   5   8   3
  3.94008481297375176924E-05  10   5   8   7
 -9.88472743107187724887E-03  10   5   9   1
 -1.19148992608379134699E-12  10   5   9   2
  3.40096766390134419566E-02  10   5   9   3
  4.40191098092819910886E-03  10   5   9   7
  3.53278219337668161759E-02  10   5  10   5
  1.02809212267132797488E-12  10   6   6   1
 -8.59140873572221581977E-03  10   6   6   2
  2.38321339754637637198E-02  10   6   6   4
  9.88472743107188071832E-03  10   6   8   1
  1.19418980497215688261E-12  10   6   8   2
 -3.40096766390134488955E-02  10   6   8   3
 -4.40191098092818349635E-03  10   6   8   7
 -8.84767197707774557527E-05  10   6   9   1
  3.04415539069492866071E-04  10   6   9   3
  3.94008481297351798815E-05  10   6   9   7
  3.53278219337667814814E-02  10   6  10   6
  4.64786422446738555641E-11  10   7   1   1
 -1.93396533847213586421E-01  10   7   2   1
 -4.67548522367075061669E-11  10   7   2   2
 -6.82225869936071808997E-03  10   7   3   2
 -1.70983025440235754389E-03  10   7   4   1
 -5.48713981619664697975E-02  10   7   4   3
  3.40276320241487528068E-03  10   7   7   2
 -1.24394817876017235725E-01  10   7   7   4
 -8.25068549674711328515E-04  10   7   8   5
  9.21776682794415574973E-02  10   7   8   6
 -9.21776682794415297417E-02  10   7   9   5
 -8.25068549674662973098E-04  10   7   9   6
 -9.53892379398946395341E-03  10   7  10   1
 -1.11955988544887305493E-12  10   7  10   2
 -5.89006998923492994247E-02  10   7  10   3
  9.18594952382118246081E-02  10   7  10   7
 -9.94652430385341870768E-05  10   8   5   1
  5.51407732342674636317E-04  10   8   5   3
  1.11123787008422150041E-02  10   8   6   1
  1.34240337136997719875E-12  10   8   6   2
 -6.16039467976827181950E-02  10   8   6   3
 -4.07831873172483135438E-06  10   8   7   5
  4.55634760698340102094E-04  10   8   7   6
  1.52248264144039672285E-12  10   8   8   1
 -1.26033914146418853097E-02  10   8   8   2
  3.60413066315761060343E-02  10   8   8   4
  4.71491613682335428126E-02  10   8  10   8
 -1.11123787008422097999E-02  10   9   5   1
 -1.33970804055352595402E-12  10   9   5   2
  6.16039467976826835005E-02  10   9   5   3
 -9.94652430385283730426E-05  10   9   6   1
  5.51407732342642218672E-04  10   9   6   3
 -4.55634760698334626873E-04  10   9   7   5
 -4.07831873172454166911E-06  10   9   7   6
  1.50832379983119654099E-12  10   9   9   1
 -1.26033914146418731667E-02  10   9   9   2
  3.60413066315760782787E-02  10   9   9   4
  4.71491613682334942403E-02  10   9  10   9
  8.95672076456543564404E-01  10  10   1   1
  8.95746716441353285632E-01  10  10   2   2
  5.51472594307373525924E-03  10  10   3   1
  7.24030468660866954878E-01  10  10   3   3
 -2.48589390171211306540E-12  10  10   4   1
  2.09402939082176525742E-02  10  10   4   2
  5.59424743625762221910E-01  10  10   4   4
  6.19891226115499738292E-01  10  10   5   5
  6.19891226115499849314E-01  10  10   6   6
  2.28770195300562438623E-02  10  10   7   1
  2.72874973115803402138E-12  10  10   7   2
 -8.75475856925119894081E-02  10  10   7   3
  5.94053059255928106452E-01  10  10   7   7
  6.21285738208358973012E-01  10  10   8   8
  6.21285738208358306878E-01  10  10   9   9
  1.63352910790034012635E-12  10  10  10   1
 -1.35395769764672588287E-02  10  10  10   2
  4.56801333530593711707E-02  10  10  10   4
  7.59960808904490248139E-01  10  10  10  10
 -2.75479707567770546461E+01   1   1   0   0
 -2.75471594452173569323E+01   2   2   0   0
 -4.63499382605400689350E-01   3   1   0   0
 -5.59007894390253269309E-11   3   2   0   0
 -9.53144278848480475119E+00   3   3   0   0
  5.96196145594614037745E-11   4   1   0   0
 -4.98807949719240806274E-01   4   2   0   0
  1.10963908853987365205E-12   4   3   0   0
 -7.67496549709810782502E+00   4   4   0   0
 -8.05352647305903879271E+00   5   5   0   0
 -8.05352647305904056907E+00   6   6   0   0
 -2.62726786073180063052E-01   7   1   0   0
 -3.08222280475765370141E-11   7   2   0   0
  7.06929893922686014562E-01   7   3   0   0
 -7.77592019784581456321E+00   7   7   0   0
 -7.83192958607133249416E+00   8   8   0   0
 -7.83192958607132538873E+00   9   9   0   0
  2.78298497675200420777E-11  10   1   0   0
 -2.31922185994691859579E-01  10   2   0   0
 -4.24481466419596054074E-01  10   4   0   0
 -8.31074279063069454310E+00  10  10   0   0
  2.35641241161176040464E+01   0   0   0   0
