&FCI NORB=9, NELEC=10, MS2=0, UHF=.FALSE., ORBSYM=1,1,1,1,1,1,1,1,1, ISYM=1, &END
  3.50107450773876793804E+00   1   1   1   1
  2.93447884668851632917E-01   1   1   2   1
  7.08298164825950982149E-01   1   1   2   2
 -5.24828475598421726259E-04   1   1   3   1
  5.88521152020806138905E-05   1   1   3   2
  6.33947965331332685679E-01   1   1   3   3
 -5.95691182309129123296E-05   1   1   4   1
  1.40801198094358241296E-04   1   1   4   2
  1.33792213834050139612E-04   1   1   4   3
  6.33695720867259337794E-01   1   1   4   4
  8.28991329732315675432E-05   1   1   5   1
 -6.49797659458928239865E-06   1   1   5   2
  2.32357515423835513926E-04   1   1   5   3
  1.75639590192734233254E-04   1   1   5   4
  6.33651110568050679461E-01   1   1   5   5
 -4.45146229480225356923E-03   1   1   6   1
 -3.80071423134196225563E-03   1   1   6   2
  2.20031108732141635065E-02   1   1   6   3
  2.74594884687191301276E-02   1   1   6   4
 -2.47965491153609940422E-01   1   1   6   5
  7.30723817185735535773E-01   1   1   6   6
  1.70553539030483532028E-03   1   1   7   1
  1.52239473153766924698E-03   1   1   7   2
  5.33305962876967909470E-02   1   1   7   3
 -2.43867050176379523974E-01   1   1   7   4
 -2.21380594162207018638E-02   1   1   7   5
 -6.14089616137968290904E-05   1   1   7   6
  7.31398711340044860307E-01   1   1   7   7
  1.80104418263810038547E-02   1   1   8   1
  1.54082479830352971767E-02   1   1   8   2
 -2.43433480994967893496E-01   1   1   8   3
 -5.05698098608294774325E-02   1   1   8   4
 -2.70860985966450279472E-02   1   1   8   5
 -7.84073279590210886394E-05   1   1   8   6
 -6.77246925387185825119E-05   1   1   8   7
  7.31361339879834537747E-01   1   1   8   8
 -3.26507650630657286772E-01   1   1   9   1
 -2.87222013509500273543E-01   1   1   9   2
 -1.30369839779153288278E-02   1   1   9   3
 -4.18225854370311671271E-03   1   1   9   4
  1.70925257922159025935E-03   1   1   9   5
 -6.33686111716243410767E-04   1   1   9   6
  1.55176892565120886800E-04   1   1   9   7
  2.54743231044359539142E-03   1   1   9   8
  6.94487637888088871208E-01   1   1   9   9
  2.93447884668851743939E-01   2   1   1   1
  3.86242987836551282532E-02   2   1   2   1
  9.19433862507269480946E-03   2   1   2   2
 -4.90914180135403619212E-05   2   1   3   1
 -4.00247606402121610010E-05   2   1   3   2
  3.92339200644556407305E-03   2   1   3   3
 -1.81030435921021651845E-06   2   1   4   1
 -8.92732162421370105735E-06   2   1   4   2
 -2.65240590825308926058E-06   2   1   4   3
  3.92681381827838290460E-03   2   1   4   4
  7.83906139034505322876E-06   2   1   5   1
  6.20929686709765756361E-06   2   1   5   2
 -1.34269458327829417331E-06   2   1   5   3
 -3.90270689775322558837E-06   2   1   5   4
  3.93123429642687136076E-03   2   1   5   5
 -5.88209337857911154952E-04   2   1   6   1
 -1.44401181126464360667E-04   2   1   6   2
  4.73825436685453786189E-04   2   1   6   3
  5.90338971272917276134E-04   2   1   6   4
 -5.39384988657214820007E-03   2   1   6   5
  8.45038744098353979128E-03   2   1   6   6
  2.26496119675187939724E-04   2   1   7   1
  5.50228093675915051926E-05   2   1   7   2
  1.15684767173248616821E-03   2   1   7   3
 -5.31028652809491328451E-03   2   1   7   4
 -4.88211488341640947614E-04   2   1   7   5
 -2.93627393255894353276E-06   2   1   7   6
  8.47234873197837828895E-03   2   1   7   7
  2.38272829515670005185E-03   2   1   8   1
  5.83169445636721670012E-04   2   1   8   2
 -5.31378980505165833537E-03   2   1   8   3
 -1.10817411519747392040E-03   2   1   8   4
 -5.97821280001130470755E-04   2   1   8   5
 -8.92603498040641149926E-06   2   1   8   6
 -9.18492747348183189662E-07   2   1   8   7
  8.48833912296376863482E-03   2   1   8   8
 -4.37916482277270757706E-02   2   1   9   1
 -1.03800302002536870560E-02   2   1   9   2
 -2.67279983985825478170E-04   2   1   9   3
 -8.94860341937471753110E-05   2   1   9   4
  3.39395739421953867676E-05   2   1   9   5
  5.67472232932222749231E-05   2   1   9   6
 -2.47334635280528060094E-05   2   1   9   7
 -2.27128036012601319023E-04   2   1   9   8
  1.22331760982199548582E-02   2   1   9   9
  7.08298164825951204193E-01   2   2   1   1
  9.19433862507269654418E-03   2   2   2   1
  5.03688023031320097900E-01   2   2   2   2
 -8.29697333461078365569E-05   2   2   3   1
  5.61083771530887878178E-04   2   2   3   2
  4.85695265998141445518E-01   2   2   3   3
 -2.09898194549703294236E-05   2   2   4   1
  2.24302532784865929841E-04   2   2   4   2
  1.71224015413729902576E-04   2   2   4   3
  4.85399575592297793936E-01   2   2   4   4
  1.28311053676921169183E-05   2   2   5   1
 -8.49350814612613466649E-05   2   2   5   2
  2.23672426379017632745E-04   2   2   5   3
  2.33973379224114381774E-04   2   2   5   4
  4.85237783872965844356E-01   2   2   5   5
 -1.57738739700480839557E-04   2   2   6   1
 -1.13879907627585305607E-03   2   2   6   2
  7.23995865970614507767E-03   2   2   6   3
  9.04658217793929443629E-03   2   2   6   4
 -8.01704240590455502469E-02   2   2   6   5
  4.93037529338842317461E-01   2   2   6   6
  5.63107253667713625800E-05   2   2   7   1
  4.99567287592813844520E-04   2   2   7   2
  1.73249489992691671492E-02   2   2   7   3
 -7.87504885204400317811E-02   2   2   7   4
 -7.00204279379268608452E-03   2   2   7   5
  6.05730722061886914936E-05   2   2   7   6
  4.93285182337222072313E-01   2   2   7   7
  6.29926780598318676249E-04   2   2   8   1
  4.62020775080718756195E-03   2   2   8   2
 -7.83428195998928239563E-02   2   2   8   3
 -1.61732178298595076493E-02   2   2   8   4
 -8.54777763057310360773E-03   2   2   8   5
  1.05978355422477833530E-04   2   2   8   6
  3.77957342437043497161E-05   2   2   8   7
  4.93383366507304521598E-01   2   2   8   8
 -9.67016156171754751036E-03   2   2   9   1
 -8.75649767577249271699E-02   2   2   9   2
 -4.11287405138497080131E-03   2   2   9   3
 -1.26675509526635041505E-03   2   2   9   4
  5.53003866105470590769E-04   2   2   9   5
 -4.71411951712227990634E-04   2   2   9   6
  1.85802423582640392720E-04   2   2   9   7
  1.89304656331538414746E-03   2   2   9   8
  4.70271445154803402477E-01   2   2   9   9
 -5.24828475598433001961E-04   3   1   1   1
 -4.90914180135371228672E-05   3   1   2   1
 -8.29697333461067794598E-05   3   1   2   2
  8.79323093471441434577E-03   3   1   3   1
 -1.38170789232997803797E-02   3   1   3   2
 -1.47438129500356918458E-03   3   1   3   3
  3.55304188656240469422E-06   3   1   4   1
 -7.72331451131317607496E-06   3   1   4   2
 -2.51094795190128818041E-03   3   1   4   3
  7.01893049924152577154E-04   3   1   4   4
  6.20275899335981106299E-06   3   1   5   1
 -1.16725976817090032223E-05   3   1   5   2
 -9.07601489882423105929E-04   3   1   5   3
 -2.64064273180010132200E-03   3   1   5   4
  7.75646132961972439510E-04   3   1   5   5
  1.17500002936637070947E-03   3   1   6   1
 -8.61597461646241929122E-04   3   1   6   2
 -3.52676440553426864995E-04   3   1   6   3
 -2.24868393222996208053E-03   3   1   6   4
  1.04205719708833923452E-03   3   1   6   5
 -1.23231189164441827869E-04   3   1   6   6
  2.86119348469798589693E-03   3   1   7   1
 -2.09024025087982184487E-03   3   1   7   2
 -2.03856184246517047401E-03   3   1   7   3
  9.05785169305979380970E-04   3   1   7   4
 -2.09329355130304746099E-03   3   1   7   5
  2.51740768991056676138E-04   3   1   7   6
 -1.71426420109153704232E-04   3   1   7   7
 -1.30920748270975904892E-02   3   1   8   1
  9.52592427262724875114E-03   3   1   8   2
 -2.28020223987911207011E-03   3   1   8   3
 -2.35645109723804906804E-03   3   1   8   4
 -1.20010948101805414896E-03   3   1   8   5
 -1.74066014675441292333E-04   3   1   8   6
  1.22268734315999881438E-04   3   1   8   7
  1.77010239184613232463E-03   3   1   8   8
 -6.67625251230162357341E-04   3   1   9   1
  5.62754964627101665620E-04   3   1   9   2
  6.65491582819326393111E-03   3   1   9   3
 -9.12746810739476806392E-05   3   1   9   4
 -8.74040344722925254244E-05   3   1   9   5
  1.22256682275975964505E-03   3   1   9   6
  3.00357281517169959900E-03   3   1   9   7
 -1.36184872673598290210E-02   3   1   9   8
 -1.56526615604608062421E-03   3   1   9   9
  5.88521152020298393475E-05   3   2   1   1
 -4.00247606402250697831E-05   3   2   2   1
  5.61083771530882457167E-04   3   2   2   2
 -1.38170789232997803797E-02   3   2   3   1
  1.08408859323098807903E-01   3   2   3   2
  2.20977591718601873438E-02   3   2   3   3
 -7.71208648937689730471E-06   3   2   4   1
  9.53499187621940214174E-05   3   2   4   2
  3.71822828166564478547E-02   3   2   4   3
 -1.05376130499407177216E-02   3   2   4   4
 -1.16729120312950814989E-05   3   2   5   1
  1.14824544086343887620E-04   3   2   5   2
  1.33985442358027870974E-02   3   2   5   3
  3.90550685300986369364E-02   3   2   5   4
 -1.16328410962746042756E-02   3   2   5   5
 -1.66638438777860472054E-03   3   2   6   1
  1.70934962777938184546E-03   3   2   6   2
  6.77373370106282984837E-03   3   2   6   3
  3.33838232474818266682E-02   3   2   6   4
 -1.54420075120181507500E-02   3   2   6   5
 -1.24478868019200650946E-02   3   2   6   6
 -4.06027313939463525144E-03   3   2   7   1
  4.01060715669922414339E-03   3   2   7   2
  2.97433526399642558791E-02   3   2   7   3
 -1.33865175044317712139E-02   3   2   7   4
  3.11047487376583838004E-02   3   2   7   5
  1.83528229168986103947E-02   3   2   7   6
 -1.01545935747204395944E-02   3   2   7   7
  1.85729585932147243932E-02   3   2   8   1
 -1.78885610834394401247E-02   3   2   8   2
  2.74998236972821899493E-02   3   2   8   3
  3.49531744713594411111E-02   3   2   8   4
  1.78936334096627194801E-02   3   2   8   5
  8.95901089175385988150E-03   3   2   8   6
  1.92232742797989464290E-02   3   2   8   7
  1.23520897069579523725E-02   3   2   8   8
  1.06301421526507479214E-03   3   2   9   1
 -9.43437450157801646249E-04   3   2   9   2
  1.21674694092799608180E-02   3   2   9   3
  1.40289700533949767899E-03   3   2   9   4
  1.37565371254847368561E-03   3   2   9   5
 -7.62639296494430161261E-03   3   2   9   6
 -1.97791187665179689359E-02   3   2   9   7
  9.47118837419139852907E-02   3   2   9   8
  1.06457196036720633942E-02   3   2   9   9
  6.33947965331332796701E-01   3   3   1   1
  3.92339200644557274666E-03   3   3   2   1
  4.85695265998141334496E-01   3   3   2   2
 -1.47438129500356918458E-03   3   3   3   1
  2.20977591718602150994E-02   3   3   3   2
  5.18625185154613421723E-01   3   3   3   3
 -2.51519164012409777997E-03   3   3   4   1
  3.72553745471652930643E-02   3   3   4   2
  1.26738367822103979721E-02   3   3   4   3
  4.58572104960845494670E-01   3   3   4   4
 -8.98960234294204668833E-04   3   3   5   1
  1.33415666738207171205E-02   3   3   5   2
  2.14612722259820559723E-02   3   3   5   3
 -5.07833288563991867848E-03   3   3   5   4
  4.42704199956116095649E-01   3   3   5   5
  5.32554415432725191358E-04   3   3   6   1
  1.67895167064873568862E-03   3   3   6   2
  2.31057715622282264234E-02   3   3   6   3
  1.23360370145640945057E-03   3   3   6   4
 -7.55263365432148198186E-02   3   3   6   5
  4.54132168316483397774E-01   3   3   6   6
  2.69327176117404231900E-03   3   3   7   1
  1.18907405846412662920E-02   3   3   7   2
  2.42574707247801522880E-02   3   3   7   3
 -6.19450571257845680750E-02   3   3   7   4
 -1.54504212492394196743E-02   3   3   7   5
 -8.53485916340512157374E-03   3   3   7   6
  4.64536133294975284169E-01   3   3   7   7
  2.64680921247525437201E-03   3   3   8   1
  1.46003424347466766869E-02   3   3   8   2
 -4.67494853338332183590E-02   3   3   8   3
 -2.40545562015255899938E-03   3   3   8   4
  9.75625881136641878721E-03   3   3   8   5
  9.62023350991499104357E-03   3   3   8   6
 -1.30502654734438697411E-03   3   3   8   7
  5.16585103837050252373E-01   3   3   8   8
 -3.59571482160274012371E-03   3   3   9   1
 -6.81354120203048196913E-02   3   3   9   2
  9.13096009959467151684E-03   3   3   9   3
  1.93172456327865733894E-02   3   3   9   4
  8.50534683136080701948E-03   3   3   9   5
  7.44406482283127904354E-03   3   3   9   6
  3.14545741583415611187E-02   3   3   9   7
  3.21902661429031289320E-02   3   3   9   8
  4.63450139406992145386E-01   3   3   9   9
 -5.95691182308829815734E-05   4   1   1   1
 -1.81030435920402343705E-06   4   1   2   1
 -2.09898194549732906508E-05   4   1   2   2
  3.55304188656269776762E-06   4   1   3   1
 -7.71208648937784428754E-06   4   1   3   2
 -2.51519164012409734629E-03   4   1   3   3
  8.78834084508197353747E-03   4   1   4   1
 -1.38024894294446250770E-02   4   1   4   2
  7.41304770009782419693E-04   4   1   4   3
 -8.73895310085128629437E-05   4   1   4   4
  4.63442578659088445488E-06   4   1   5   1
 -1.03361127684559694456E-05   4   1   5   2
 -2.63909569386063533672E-03   4   1   5   3
  1.31314617215261037093E-03   4   1   5   4
  2.62030644962065600856E-03   4   1   5   5
  1.46868991205499252982E-03   4   1   6   1
 -1.07831121630205480945E-03   4   1   6   2
 -2.24565537491506431872E-03   4   1   6   3
  1.23025568292300610009E-03   4   1   6   4
  2.43210264960822420549E-03   4   1   6   5
 -2.24972577790907824445E-04   4   1   6   6
 -1.31000458812216852983E-02   4   1   7   1
  9.55132073429543378140E-03   4   1   7   2
  8.81120319669490090903E-04   4   1   7   3
 -1.56408247337636859909E-04   4   1   7   4
  1.88547813945722864473E-03   4   1   7   5
 -3.90267871194107762549E-04   4   1   7   6
  1.56688062441349686095E-04   4   1   7   7
 -2.72221915342816438502E-03   4   1   8   1
  1.97751225961536594364E-03   4   1   8   2
 -2.35801151629237877583E-03   4   1   8   3
  3.74414749719837640710E-04   4   1   8   4
 -1.82418200059919813870E-03   4   1   8   5
  6.04197814449279979143E-05   4   1   8   6
  6.55750209136553860803E-04   4   1   8   7
  5.70344494130005440040E-04   4   1   8   8
 -2.29929932590558299375E-04   4   1   9   1
  1.73900019881523916010E-04   4   1   9   2
 -9.15155357071258563099E-05   4   1   9   3
  6.79302666799400101105E-03   4   1   9   4
 -1.19290357353292835710E-04   4   1   9   5
  1.54597736932378620849E-03   4   1   9   6
 -1.36950755583970587570E-02   4   1   9   7
 -2.81880913229605196274E-03   4   1   9   8
 -4.99222777807219360302E-04   4   1   9   9
  1.40801198094382744265E-04   4   2   1   1
 -8.92732162420970983810E-06   4   2   2   1
  2.24302532784876094236E-04   4   2   2   2
 -7.72331451131181574005E-06   4   2   3   1
  9.53499187621935606314E-05   4   2   3   2
  3.72553745471653138810E-02   4   2   3   3
 -1.38024894294446233423E-02   4   2   4   1
  1.08213149223690061063E-01   4   2   4   2
 -1.07328378638449992849E-02   4   2   4   3
  1.39497748562430004017E-03   4   2   4   4
 -1.03309860188662188323E-05   4   2   5   1
  1.31248406732066959322E-04   4   2   5   2
  3.90375985157839777706E-02   4   2   5   3
 -1.94614898865324396915E-02   4   2   5   4
 -3.87189311959378265615E-02   4   2   5   5
 -2.08242232311099586400E-03   4   2   6   1
  2.13569248879457275828E-03   4   2   6   2
  3.33675060659872624313E-02   4   2   6   3
 -1.67501979109556248249E-02   4   2   6   4
 -3.61829495166961501162E-02   4   2   6   5
 -2.33521685573412109138E-02   4   2   6   6
  1.85856715128392135927E-02   4   2   7   1
 -1.80844925587546057066E-02   4   2   7   2
 -1.33589297802656197661E-02   4   2   7   3
  1.65810486879225350496E-03   4   2   7   4
 -2.79858659597522485551E-02   4   2   7   5
 -1.54239414142801588292E-02   4   2   7   6
  3.81514917387791986734E-04   4   2   7   7
  3.86253056526484955455E-03   4   2   8   1
 -3.66107941539848928680E-03   4   2   8   2
  3.49221840089739901658E-02   4   2   8   3
 -1.16801995097790493189E-02   4   2   8   4
  2.71182213323853914255E-02   4   2   8   5
  1.65310660819481120010E-02   4   2   8   6
 -1.51398752495572868487E-02   4   2   8   7
  1.96178696734249889688E-02   4   2   8   8
  3.35848183069314780696E-04   4   2   9   1
 -2.86757661760648780575E-04   4   2   9   2
  1.40155874276902576991E-03   4   2   9   3
  1.01022831406779207974E-02   4   2   9   4
  1.84072164209067210515E-03   4   2   9   5
 -9.36913447939908237971E-03   4   2   9   6
  9.34527194614338113654E-02   4   2   9   7
  2.03441925114976607247E-02   4   2   9   8
  3.54609873128088753935E-03   4   2   9   9
  1.33792213834056942980E-04   4   3   1   1
 -2.65240590826932434108E-06   4   3   2   1
  1.71224015413687374746E-04   4   3   2   2
 -2.51094795190128687937E-03   4   3   3   1
  3.71822828166564409158E-02   4   3   3   2
  1.26738367822104344013E-02   4   3   3   3
  7.41304770009780901810E-04   4   3   4   1
 -1.07328378638449871418E-02   4   3   4   2
  5.38231806145758606696E-02   4   3   4   3
 -1.56644921029102483778E-02   4   3   4   4
 -2.63373423192714371105E-03   4   3   5   1
  3.89768270472068273369E-02   4   3   5   2
 -5.18275451505121470541E-03   4   3   5   3
  1.93171626827344706558E-03   4   3   5   4
  3.06243885441936491282E-03   4   3   5   5
  2.97321541170907348989E-03   4   3   6   1
  1.28710386165812890741E-02   4   3   6   2
 -8.29187218509251297571E-03   4   3   6   3
  1.02045950642656391497E-03   4   3   6   4
  3.20236481492526536830E-03   4   3   6   5
  4.56492060209265360093E-03   4   3   6   6
 -1.24224456549811164939E-03   4   3   7   1
 -5.10091905117424342792E-03   4   3   7   2
  2.24813368751570173687E-02   4   3   7   3
 -1.95296592778430380677E-02   4   3   7   4
  2.90177035266671670688E-03   4   3   7   5
  1.25510381037307900548E-03   4   3   7   6
 -2.90353179965800317630E-02   4   3   7   7
  3.10148572350135882936E-03   4   3   8   1
  1.35412210020307115232E-02   4   3   8   2
  1.50985099147708402151E-02   4   3   8   3
  2.30291519861052229601E-02   4   3   8   4
 -5.08274591273469647512E-03   4   3   8   5
 -1.08451125656987539675E-02   4   3   8   6
  3.45008084101864898052E-02   4   3   8   7
  2.15876354513680236702E-02   4   3   8   8
  1.26079252790550723137E-04   4   3   9   1
  5.38518165420801713829E-04   4   3   9   2
  2.07444402430415550387E-02   4   3   9   3
 -4.50101907666569482636E-03   4   3   9   4
  2.03210759879608598988E-02   4   3   9   5
  3.44227007690060607392E-02   4   3   9   6
 -1.26121435189261634630E-02   4   3   9   7
  3.81025850690741296756E-02   4   3   9   8
  3.09827825661895817078E-03   4   3   9   9
  6.33695720867259337794E-01   4   4   1   1
  3.92681381827839764975E-03   4   4   2   1
  4.85399575592297682913E-01   4   4   2   2
  7.01893049924151167691E-04   4   4   3   1
 -1.05376130499406986396E-02   4   4   3   2
  4.58572104960845494670E-01   4   4   3   3
 -8.73895310085122801851E-05   4   4   4   1
  1.39497748562427748877E-03   4   4   4   2
 -1.56644921029101963361E-02   4   4   4   3
  4.97508674711851450745E-01   4   4   4   4
  1.31674038007011128849E-03   4   4   5   1
 -1.94614714948260283944E-02   4   4   5   2
  2.00032761823856417016E-03   4   4   5   3
  4.32100945104001502028E-03   4   4   5   4
  4.63682934428231552371E-01   4   4   5   5
 -1.55738210467807106606E-03   4   4   6   1
 -7.42616221177352323762E-03   4   4   6   2
  8.60239147011145587063E-03   4   4   6   3
  1.30263283296960883512E-02   4   4   6   4
 -5.57884680750161260354E-02   4   4   6   5
  4.71297576603613765922E-01   4   4   6   6
  1.62439714532457434070E-04   4   4   7   1
  1.05163769869061254209E-03   4   4   7   2
 -1.03846810632074676786E-03   4   4   7   3
 -6.61523856623264100429E-02   4   4   7   4
 -1.41258612317375891604E-03   4   4   7   5
  1.30523596235880968812E-03   4   4   7   6
  5.01544465360366786832E-01   4   4   7   7
 -7.69900752791342402916E-04   4   4   8   1
 -6.16387872675369283791E-04   4   4   8   2
 -6.12133575914527230943E-02   4   4   8   3
 -2.81155520858521815186E-02   4   4   8   4
 -2.89218944338574856026E-03   4   4   8   5
  4.49694301460894143435E-03   4   4   8   6
 -5.70643767754754147742E-03   4   4   8   7
  4.66399099226712299249E-01   4   4   8   8
 -3.76769790584427759911E-03   4   4   9   1
 -6.89347116852882385585E-02   4   4   9   2
 -8.98486747374032355962E-03   4   4   9   3
 -1.19564359327021933234E-03   4   4   9   4
 -9.71741559522136359728E-03   4   4   9   5
 -1.76883993543741971366E-02   4   4   9   6
  1.66639463054177121813E-03   4   4   9   7
 -1.12171638580898843512E-02   4   4   9   8
  4.59033023104312154494E-01   4   4   9   9
  8.28991329732133936043E-05   5   1   1   1
  7.83906139034033017305E-06   5   1   2   1
  1.28311053676910835381E-05   5   1   2   2
  6.20275899336003637375E-06   5   1   3   1
 -1.16729120312944343658E-05   5   1   3   2
 -8.98960234294209873003E-04   5   1   3   3
  4.63442578659049820786E-06   5   1   4   1
 -1.03309860188672827057E-05   5   1   4   2
 -2.63373423192714327737E-03   5   1   4   3
  1.31674038007010304856E-03   5   1   4   4
  8.79388325529778004663E-03   5   1   5   1
 -1.37948696062051030103E-02   5   1   5   2
  8.13392151563867922721E-04   5   1   5   3
  2.62068932952505594461E-03   5   1   5   4
 -4.17978912838340075069E-04   5   1   5   5
 -1.33130682453789801062E-02   5   1   6   1
  9.72214701192344356306E-03   5   1   6   2
  1.01692138923384313084E-03   5   1   6   3
  2.42744135380053641105E-03   5   1   6   4
 -5.94388086489187287415E-04   5   1   6   5
 -2.64487797818781949534E-04   5   1   6   6
 -1.19345282377396398436E-03   5   1   7   1
  8.65148070674434232358E-04   5   1   7   2
 -2.09213724428054716892E-03   5   1   7   3
  1.87971781812059117109E-03   5   1   7   4
  2.08582795671274825317E-03   5   1   7   5
 -1.72383921207853481458E-04   5   1   7   6
 -2.57357660169138969131E-04   5   1   7   7
 -1.46433505029239349922E-03   5   1   8   1
  1.06057387274580399578E-03   5   1   8   2
 -1.20508186591974757185E-03   5   1   8   3
 -1.82357658761947232472E-03   5   1   8   4
  7.62244351357212451131E-04   5   1   8   5
  5.94586536737625836850E-04   5   1   8   6
  2.36536790546385298573E-04   5   1   8   7
  3.28987233004664485388E-04   5   1   8   8
  8.57389034405798319393E-05   5   1   9   1
 -7.53559111734297432540E-05   5   1   9   2
 -8.73336395061946618333E-05   5   1   9   3
 -1.19227855018324901482E-04   5   1   9   4
  6.87837484599411897596E-03   5   1   9   5
 -1.39383773872734113147E-02   5   1   9   6
 -1.23684830058649517480E-03   5   1   9   7
 -1.52737240139781617516E-03   5   1   9   8
  2.07239258711798822769E-04   5   1   9   9
 -6.49797659459183789705E-06   5   2   1   1
  6.20929686709994031740E-06   5   2   2   1
 -8.49350814612730696009E-05   5   2   2   2
 -1.16725976817105719273E-05   5   2   3   1
  1.14824544086340214885E-04   5   2   3   2
  1.33415666738207049774E-02   5   2   3   3
 -1.03361127684570841410E-05   5   2   4   1
  1.31248406732066850901E-04   5   2   4   2
  3.89768270472068203980E-02   5   2   4   3
 -1.94614714948260179861E-02   5   2   4   4
 -1.37948696062051030103E-02   5   2   5   1
  1.07989219727347526834E-01   5   2   5   2
 -1.18090422153024777324E-02   5   2   5   3
 -3.87480814965472306066E-02   5   2   5   4
  6.13059337946065402436E-03   5   2   5   5
  1.88708464537163840558E-02   5   2   6   1
 -1.84743366208154485841E-02   5   2   6   2
 -1.53913354181916400831E-02   5   2   6   3
 -3.61045441293248864367E-02   5   2   6   4
  1.03794930526636530049E-02   5   2   6   5
  1.22652171056089991097E-02   5   2   6   6
  1.69312605231511912642E-03   5   2   7   1
 -1.56394503625856685740E-03   5   2   7   2
  3.10390192310478971183E-02   5   2   7   3
 -2.79352037109588877128E-02   5   2   7   4
 -3.15909751779072864308E-02   5   2   7   5
 -1.97622761025773863164E-02   5   2   7   6
 -2.30090603041834124154E-02   5   2   7   7
  2.07657723616537547365E-03   5   2   8   1
 -1.89760586056599640965E-03   5   2   8   2
  1.78596071370306641590E-02   5   2   8   3
  2.70754422481663745148E-02   5   2   8   4
 -1.74553169956558201781E-02   5   2   8   5
 -1.84164684197765625429E-02   5   2   8   6
  1.26587566979420185903E-02   5   2   8   7
  1.19928891500473734644E-02   5   2   8   8
 -1.39843817825133714212E-04   5   2   9   1
  1.32430994305212089987E-04   5   2   9   2
  1.37283240743144778311E-03   5   2   9   3
  1.83766055840281538128E-03   5   2   9   4
  9.01183115800078572699E-03   5   2   9   5
  9.42883313258466720930E-02   5   2   9   6
  9.43372651292280657576E-03   5   2   9   7
  1.15533390168400737497E-02   5   2   9   8
 -1.30819538552507546626E-03   5   2   9   9
  2.32357515423803014966E-04   5   3   1   1
 -1.34269458328139812555E-06   5   3   2   1
  2.23672426378968491282E-04   5   3   2   2
 -9.07601489882422563828E-04   5   3   3   1
  1.33985442358027818932E-02   5   3   3   2
  2.14612722259820247472E-02   5   3   3   3
 -2.63909569386063533672E-03   5   3   4   1
  3.90375985157839847095E-02   5   3   4   2
 -5.18275451505121470541E-03   5   3   4   3
  2.00032761823856286912E-03   5   3   4   4
  8.13392151563868681663E-04   5   3   5   1
 -1.18090422153024846713E-02   5   3   5   2
  3.80238264294921121667E-02   5   3   5   3
  2.98836014032745865554E-03   5   3   5   4
 -2.33584601296429987538E-02   5   3   5   5
 -1.42306995275936240368E-03   5   3   6   1
 -5.88938416696866383349E-03   5   3   6   2
  1.03848538338401751718E-02   5   3   6   3
  3.21004953693020600100E-03   5   3   6   4
 -2.28870079262077051607E-02   5   3   6   5
 -2.51414504711802398729E-02   5   3   6   6
  2.77962543155208267540E-03   5   3   7   1
  1.19780974170738772205E-02   5   3   7   2
 -7.78027362518739825509E-03   5   3   7   3
  2.84327374632292349463E-03   5   3   7   4
 -1.69738583997351417769E-03   5   3   7   5
 -4.90644692191012470051E-03   5   3   7   6
  3.02457167827123798998E-03   5   3   7   7
  1.60037282503889860714E-03   5   3   8   1
  6.91891811068468410434E-03   5   3   8   2
  1.90901637839691537546E-02   5   3   8   3
 -5.08723097889559900536E-03   5   3   8   4
  9.79160958524775276723E-03   5   3   8   5
  2.67690255259946906230E-02   5   3   8   6
 -7.12194994777726273633E-03   5   3   8   7
  1.94547471657519482902E-02   5   3   8   8
  1.20130048991329524237E-04   5   3   9   1
  5.24845085035914636976E-04   5   3   9   2
  7.92881515500628956949E-03   5   3   9   3
  2.03524381261756502626E-02   5   3   9   4
 -5.36445260003985766734E-03   5   3   9   5
 -1.47002690281004665812E-02   5   3   9   6
  3.23974468772635082470E-02   5   3   9   7
  1.94559767491210913737E-02   5   3   9   8
  2.99758860840493432040E-03   5   3   9   9
  1.75639590192768521148E-04   5   4   1   1
 -3.90270689776377030153E-06   5   4   2   1
  2.33973379224124600380E-04   5   4   2   2
 -2.64064273180009915359E-03   5   4   3   1
  3.90550685300986299975E-02   5   4   3   2
 -5.07833288563990393333E-03   5   4   3   3
  1.31314617215261188882E-03   5   4   4   1
 -1.94614898865324362220E-02   5   4   4   2
  1.93171626827345270343E-03   5   4   4   3
  4.32100945104003236752E-03   5   4   4   4
  2.62068932952505767933E-03   5   4   5   1
 -3.87480814965472375455E-02   5   4   5   2
  2.98836014032745908922E-03   5   4   5   3
  5.91088349523589684509E-02   5   4   5   4
  8.54216595622361743283E-04   5   4   5   5
 -3.23488165671637810730E-03   5   4   6   1
 -1.39125493589585830928E-02   5   4   6   2
  3.16628949008083840702E-03   5   4   6   3
  3.00794500616991047903E-02   5   4   6   4
 -3.19528637928520251044E-03   5   4   6   5
 -1.09078113573789371032E-02   5   4   6   6
 -2.49954330274197462219E-03   5   4   7   1
 -1.07863989721895085772E-02   5   4   7   2
  2.86616798543281713768E-03   5   4   7   3
  6.20349136745360508344E-03   5   4   7   4
  2.98079328299271709146E-02   5   4   7   5
  4.38892621984770317511E-02   5   4   7   6
  1.09477136567915321608E-02   5   4   7   7
  2.43626793897851971066E-03   5   4   8   1
  1.04408827485084950565E-02   5   4   8   2
 -5.03916917329483293742E-03   5   4   8   3
  6.48540768336569161540E-03   5   4   8   4
  1.01185463521029569978E-02   5   4   8   5
  1.38838932467927628905E-02   5   4   8   6
  1.05169300219837280608E-02   5   4   8   7
 -3.68926765478582103022E-03   5   4   8   8
  1.68795843408728693134E-04   5   4   9   1
  6.99585954265700385619E-04   5   4   9   2
  2.03650858739034268385E-02   5   4   9   3
 -1.03213468571044589273E-02   5   4   9   4
 -1.97244928416076964472E-02   5   4   9   5
 -3.69383427128745778223E-02   5   4   9   6
 -2.93792485418662221996E-02   5   4   9   7
  2.82421522851580009128E-02   5   4   9   8
  3.93751904351790586040E-03   5   4   9   9
  6.33651110568050679461E-01   5   5   1   1
  3.93123429642688610591E-03   5   5   2   1
  4.85237783872965844356E-01   5   5   2   2
  7.75646132961966584818E-04   5   5   3   1
 -1.16328410962746268270E-02   5   5   3   2
  4.42704199956116151160E-01   5   5   3   3
  2.62030644962066294745E-03   5   5   4   1
 -3.87189311959378473782E-02   5   5   4   2
  3.06243885441934973399E-03   5   5   4   3
  4.63682934428231663393E-01   5   5   4   4
 -4.17978912838340617170E-04   5   5   5   1
  6.13059337946067137159E-03   5   5   5   2
 -2.33584601296429883455E-02   5   5   5   3
  8.54216595622349166538E-04   5   5   5   4
  5.13286394788644573239E-01   5   5   5   5
  8.81037368586804836915E-04   5   5   6   1
  2.99576806574276604742E-03   5   5   6   2
 -1.52016737931479871404E-02   5   5   6   3
  6.35027799359559348008E-03   5   5   6   4
 -5.43506266674912974501E-02   5   5   6   5
  5.12845062584959321406E-01   5   5   6   6
 -2.81402971089635958388E-03   5   5   7   1
 -1.17634938374078183015E-02   5   5   7   2
  1.67728418244887100830E-02   5   5   7   3
 -5.46462749259552932335E-02   5   5   7   4
  3.17613653018960042426E-04   5   5   7   5
  7.20760601225819627635E-03   5   5   7   6
  4.72528780456985930680E-01   5   5   7   7
 -1.28990591547356028487E-03   5   5   8   1
 -2.85002644490539927546E-03   5   5   8   2
 -7.44674599901623962550E-02   5   5   8   3
 -7.35036527771655307656E-03   5   5   8   4
 -2.71180566016486976344E-02   5   5   8   5
 -1.41258270491783771705E-02   5   5   8   6
  6.97641947425947477057E-03   5   5   8   7
  4.55502449592576019732E-01   5   5   8   8
 -3.84362093234549969875E-03   5   5   9   1
 -6.93710748913784064351E-02   5   5   9   2
 -9.86076251965200059613E-03   5   5   9   3
 -2.11732610814423724555E-02   5   5   9   4
  2.48585765667755625302E-03   5   5   9   5
  9.41426082887674917088E-03   5   5   9   6
 -3.29114331163614382003E-02   5   5   9   7
 -1.75986276280031724017E-02   5   5   9   8
  4.57140133425742056783E-01   5   5   9   9
 -4.45146229480228913106E-03   6   1   1   1
 -5.88209337857921996974E-04   6   1   2   1
 -1.57738739700485284785E-04   6   1   2   2
  1.17500002936637114315E-03   6   1   3   1
 -1.66638438777860407002E-03   6   1   3   2
  5.32554415432713156714E-04   6   1   3   3
  1.46868991205499166246E-03   6   1   4   1
 -2.08242232311099673137E-03   6   1   4   2
  2.97321541170907305621E-03   6   1   4   3
 -1.55738210467808299228E-03   6   1   4   4
 -1.33130682453789801062E-02   6   1   5   1
  1.88708464537163771169E-02   6   1   5   2
 -1.42306995275936435524E-03   6   1   5   3
 -3.23488165671638157675E-03   6   1   5   4
  8.81037368586803644292E-04   6   1   5   5
  2.06995974168411901728E-02   6   1   6   1
 -1.42449439171120802172E-02   6   1   6   2
 -1.93168962253975336034E-03   6   1   6   3
 -3.70291463362808909165E-03   6   1   6   4
  1.49193686787750350031E-03   6   1   6   5
 -4.65317939973665923681E-05   6   1   6   6
 -1.02167627587080627529E-05   6   1   7   1
  1.00718703896842655344E-05   6   1   7   2
  2.96622380302010053843E-03   6   1   7   3
 -2.62768394701580476625E-03   6   1   7   4
 -3.05630992848243470891E-03   6   1   7   5
  5.99140131169200135068E-04   6   1   7   6
  7.07541748712631831005E-04   6   1   7   7
 -3.60985423588299446634E-05   6   1   8   1
 -2.17852088123334213998E-06   6   1   8   2
  1.16789321122318752108E-03   6   1   8   3
  2.47304236554706652340E-03   6   1   8   4
 -1.59600773710645549817E-03   6   1   8   5
 -5.43551220416587949763E-04   6   1   8   6
 -4.72246817984643945526E-04   6   1   8   7
 -4.37459823442247833225E-04   6   1   8   8
  3.86441657185413736057E-04   6   1   9   1
  3.50471043501362545559E-04   6   1   9   2
  9.69257607339839288851E-04   6   1   9   3
  1.25189075113159233206E-03   6   1   9   4
 -9.94853033878369784337E-03   6   1   9   5
  2.01922813169735752836E-02   6   1   9   6
 -3.82790685545572172827E-05   6   1   9   7
 -6.42771694414870335015E-06   6   1   9   8
 -7.36961600901326046448E-04   6   1   9   9
 -3.80071423134198307231E-03   6   2   1   1
 -1.44401181126463357780E-04   6   2   2   1
 -1.13879907627587539064E-03   6   2   2   2
 -8.61597461646245940670E-04   6   2   3   1
  1.70934962777937859285E-03   6   2   3   2
  1.67895167064871031828E-03   6   2   3   3
 -1.07831121630205762837E-03   6   2   4   1
  2.13569248879459357496E-03   6   2   4   2
  1.28710386165812769310E-02   6   2   4   3
 -7.42616221177346512439E-03   6   2   4   4
  9.72214701192344876723E-03   6   2   5   1
 -1.84743366208154277675E-02   6   2   5   2
 -5.88938416696865255778E-03   6   2   5   3
 -1.39125493589585536025E-02   6   2   5   4
  2.99576806574274436337E-03   6   2   5   5
 -1.42449439171120906256E-02   6   2   6   1
  4.76670579587077786199E-02   6   2   6   2
 -2.45739642779998872235E-03   6   2   6   3
 -4.47174351757221970327E-03   6   2   6   4
  3.28624701124986384054E-03   6   2   6   5
  1.10732325646128448859E-02   6   2   6   6
  1.01518348139450091590E-05   6   2   7   1
  2.46134629847908995308E-06   6   2   7   2
  3.27086944280731949097E-03   6   2   7   3
 -2.16669498158247701702E-03   6   2   7   4
 -3.74656966486371957592E-03   6   2   7   5
 -1.78505519830190438613E-02   6   2   7   6
 -2.17852620644838380903E-02   6   2   7   7
 -2.09965463018500591680E-06   6   2   8   1
  8.45539238280242911574E-06   6   2   8   2
  2.51620887356316822944E-03   6   2   8   3
  3.36594964586008158630E-03   6   2   8   4
 -4.60440779098741752307E-03   6   2   8   5
 -1.41011413245116807441E-02   6   2   8   6
  1.18451937668843047119E-02   6   2   8   7
  7.14361883351691522720E-03   6   2   8   8
  3.45539717525908710808E-04   6   2   9   1
  2.96250532355282270632E-04   6   2   9   2
 -3.38572117578350793160E-03   6   2   9   3
 -4.26216881486963204695E-03   6   2   9   4
  4.07332993239914800676E-02   6   2   9   5
 -1.00336946132748953964E-02   6   2   9   6
  8.55909810672860621450E-04   6   2   9   7
  7.86560472839221394743E-04   6   2   9   8
 -5.48364549304158118564E-04   6   2   9   9
  2.20031108732141392204E-02   6   3   1   1
  4.73825436685448256758E-04   6   3   2   1
  7.23995865970608176027E-03   6   3   2   2
 -3.52676440553425347112E-04   6   3   3   1
  6.77373370106282290948E-03   6   3   3   2
  2.31057715622281951984E-02   6   3   3   3
 -2.24565537491506301768E-03   6   3   4   1
  3.33675060659872624313E-02   6   3   4   2
 -8.29187218509251817988E-03   6   3   4   3
  8.60239147011142811505E-03   6   3   4   4
  1.01692138923384464873E-03   6   3   5   1
 -1.53913354181916348790E-02   6   3   5   2
  1.03848538338401838454E-02   6   3   5   3
  3.16628949008084361119E-03   6   3   5   4
 -1.52016737931480235696E-02   6   3   5   5
 -1.93168962253975075825E-03   6   3   6   1
 -2.45739642779998308450E-03   6   3   6   2
  3.00281112631088260845E-02   6   3   6   3
  3.78119924678347804625E-03   6   3   6   4
 -2.43319025305311423257E-02   6   3   6   5
 -1.25205130337068242657E-02   6   3   6   6
  3.03193042476889362477E-03   6   3   7   1
  3.36258454586463783817E-03   6   3   7   2
 -7.31659853538636599513E-03   6   3   7   3
 -5.71190234154486447746E-04   6   3   7   4
 -5.07686517319875553478E-03   6   3   7   5
  4.28406651930752428552E-04   6   3   7   6
  1.19324644101294514986E-02   6   3   7   7
  1.05490841477519814613E-03   6   3   8   1
  2.25015355574738210379E-03   6   3   8   2
  6.66352709981692797880E-03   6   3   8   3
 -9.55017418695831669939E-03   6   3   8   4
  2.43416051406560862702E-02   6   3   8   5
  6.70604345841280344992E-03   6   3   8   6
 -9.57551405610247707845E-03   6   3   8   7
  1.78859321107419436125E-02   6   3   8   8
 -3.59557623392715690076E-04   6   3   9   1
 -6.06455776794884767605E-03   6   3   9   2
  3.76180389393081845290E-03   6   3   9   3
  1.55231956669934917370E-02   6   3   9   4
 -5.90210506287833051864E-03   6   3   9   5
 -2.06647793881840555197E-02   6   3   9   6
  3.17802768282346784212E-02   6   3   9   7
  1.33148587794192294065E-02   6   3   9   8
  7.41719898344665989204E-03   6   3   9   9
  2.74594884687192203332E-02   6   4   1   1
  5.90338971272914131948E-04   6   4   2   1
  9.04658217793931872241E-03   6   4   2   2
 -2.24868393222995904476E-03   6   4   3   1
  3.33838232474818197293E-02   6   4   3   2
  1.23360370145642419572E-03   6   4   3   3
  1.23025568292300740113E-03   6   4   4   1
 -1.67501979109556248249E-02   6   4   4   2
  1.02045950642654916982E-03   6   4   4   3
  1.30263283296960900859E-02   6   4   4   4
  2.42744135380054074785E-03   6   4   5   1
 -3.61045441293248864367E-02   6   4   5   2
  3.21004953693021163885E-03   6   4   5   3
  3.00794500616990909125E-02   6   4   5   4
  6.35027799359560215370E-03   6   4   5   5
 -3.70291463362808562221E-03   6   4   6   1
 -4.47174351757222230536E-03   6   4   6   2
  3.78119924678349279140E-03   6   4   6   3
  4.58635551012590916842E-02   6   4   6   4
 -1.18125233081009858166E-02   6   4   6   5
  9.70207427692246367722E-04   6   4   6   6
 -2.82778918384044225878E-03   6   4   7   1
 -2.54440912624830052266E-03   6   4   7   2
  1.69581003957791371511E-03   6   4   7   3
 -1.33044969695715414003E-03   6   4   7   4
  4.02410560546408169191E-02   6   4   7   5
  2.08253635250739213558E-02   6   4   7   6
  1.67105601060295733129E-02   6   4   7   7
  2.54135911532573244981E-03   6   4   8   1
  3.45152394208655347724E-03   6   4   8   2
 -1.13273354441316958380E-02   6   4   8   3
  3.19740120269208002307E-03   6   4   8   4
  1.12983898890735255660E-02   6   4   8   5
  9.67298474783837014535E-03   6   4   8   6
  7.23789421953408007582E-03   6   4   8   7
  3.03661966858031996327E-03   6   4   8   8
 -3.93921199584918780602E-04   6   4   9   1
 -7.58812726101541767942E-03   6   4   9   2
  1.54517609377560673906E-02   6   4   9   3
 -7.94457415364092575660E-03   6   4   9   4
 -1.64340979023845333573E-02   6   4   9   5
 -3.94393127536684720558E-02   6   4   9   6
 -2.86876728682548369498E-02   6   4   9   7
  2.71034802393139394316E-02   6   4   9   8
  1.00940739713646400466E-02   6   4   9   9
 -2.47965491153610023689E-01   6   5   1   1
 -5.39384988657216207786E-03   6   5   2   1
 -8.01704240590456890247E-02   6   5   2   2
  1.04205719708834227029E-03   6   5   3   1
 -1.54420075120181420764E-02   6   5   3   2
 -7.55263365432149030854E-02   6   5   3   3
  2.43210264960822724126E-03   6   5   4   1
 -3.61829495166961154218E-02   6   5   4   2
  3.20236481492523804640E-03   6   5   4   3
 -5.57884680750161121576E-02   6   5   4   4
 -5.94388086489190540021E-04   6   5   5   1
  1.03794930526636842300E-02   6   5   5   2
 -2.28870079262076878135E-02   6   5   5   3
 -3.19528637928519643890E-03   6   5   5   4
 -5.43506266674914223502E-02   6   5   5   5
  1.49193686787749591090E-03   6   5   6   1
  3.28624701124991631593E-03   6   5   6   2
 -2.43319025305311180396E-02   6   5   6   3
 -1.18125233081009545916E-02   6   5   6   4
  1.04773886846437472298E-01   6   5   6   5
 -6.43138806889354819329E-02   6   5   6   6
 -3.16722401537041257577E-03   6   5   7   1
 -3.93997988042130067171E-03   6   5   7   2
 -9.19812193162701866034E-03   6   5   7   3
  6.00996144816530047938E-02   6   5   7   4
  8.68699124888515361587E-03   6   5   7   5
  5.13102322351963787556E-04   6   5   7   6
 -6.91977481180687248319E-02   6   5   7   7
 -2.43451998548215291923E-03   6   5   8   1
 -6.30789521554845147855E-03   6   5   8   2
  4.41347799585850367188E-02   6   5   8   3
  1.56270208864926624104E-02   6   5   8   4
 -9.82004036530003537875E-03   6   5   8   5
 -1.84304470877523253469E-02   6   5   8   6
  6.22197651568898515984E-03   6   5   8   7
 -8.33827089965936962823E-02   6   5   8   8
  5.03670535294437147350E-03   6   5   9   1
  7.06042804928558032085E-02   6   5   9   2
 -4.89365261795757580665E-03   6   5   9   3
 -1.61795405184956345157E-02   6   5   9   4
  3.73129616957138757899E-03   6   5   9   5
  1.62441119692382784923E-02   6   5   9   6
 -3.34456051532393758285E-02   6   5   9   7
 -2.43562258454122944340E-02   6   5   9   8
 -5.97888239272450980333E-02   6   5   9   9
  7.30723817185735979862E-01   6   6   1   1
  8.45038744098366469137E-03   6   6   2   1
  4.93037529338842483995E-01   6   6   2   2
 -1.23231189164444429954E-04   6   6   3   1
 -1.24478868019200841766E-02   6   6   3   2
  4.54132168316483508796E-01   6   6   3   3
 -2.24972577790901508967E-04   6   6   4   1
 -2.33521685573412421388E-02   6   6   4   2
  4.56492060209269783638E-03   6   6   4   3
  4.71297576603613932456E-01   6   6   4   4
 -2.64487797818773384337E-04   6   6   5   1
  1.22652171056089488027E-02   6   6   5   2
 -2.51414504711802537507E-02   6   6   5   3
 -1.09078113573789371032E-02   6   6   5   4
  5.12845062584959321406E-01   6   6   5   5
 -4.65317939973468666648E-05   6   6   6   1
  1.10732325646127390678E-02   6   6   6   2
 -1.25205130337068572255E-02   6   6   6   3
  9.70207427692244849839E-04   6   6   6   4
 -6.43138806889353570329E-02   6   6   6   5
  5.43360076214343457046E-01   6   6   6   6
  7.39660645142392039406E-04   6   6   7   1
 -1.74232049790489784691E-02   6   6   7   2
  2.01768813581738419571E-02   6   6   7   3
 -6.91140068595234441373E-02   6   6   7   4
 -7.73228355215866552941E-03   6   6   7   5
 -2.07785380691999019276E-03   6   6   7   6
  4.86786244875038298652E-01   6   6   7   7
  1.02025302883150450345E-03   6   6   8   1
 -1.02455320543064880290E-02   6   6   8   2
 -8.31563099342763206723E-02   6   6   8   3
 -9.50370404783630953749E-03   6   6   8   4
 -2.81448974504393406582E-02   6   6   8   5
 -2.24454258590461239176E-02   6   6   8   6
  6.35530362643109067444E-03   6   6   8   7
  4.70884592446075778138E-01   6   6   8   8
 -8.01909751667656545138E-03   6   6   9   1
 -8.26687774691818727524E-02   6   6   9   2
 -1.86171877755023085221E-02   6   6   9   3
 -2.80346807733794708972E-02   6   6   9   4
  1.12160951642376483656E-02   6   6   9   5
  1.61328840511985559247E-02   6   6   9   6
 -2.19240030828023908793E-02   6   6   9   7
 -1.81045382831997898887E-02   6   6   9   8
  4.74794901200676411346E-01   6   6   9   9
  1.70553539030488931355E-03   7   1   1   1
  2.26496119675203660656E-04   7   1   2   1
  5.63107253667688756912E-05   7   1   2   2
  2.86119348469797982540E-03   7   1   3   1
 -4.06027313939464045561E-03   7   1   3   2
  2.69327176117404752317E-03   7   1   3   3
 -1.31000458812216852983E-02   7   1   4   1
  1.85856715128392240011E-02   7   1   4   2
 -1.24224456549811381779E-03   7   1   4   3
  1.62439714532451985954E-04   7   1   4   4
 -1.19345282377396355068E-03   7   1   5   1
  1.69312605231511912642E-03   7   1   5   2
  2.77962543155208224172E-03   7   1   5   3
 -2.49954330274197462219E-03   7   1   5   4
 -2.81402971089637216062E-03   7   1   5   5
 -1.02167627587058536910E-05   7   1   6   1
  1.01518348139471623168E-05   7   1   6   2
  3.03193042476889189005E-03   7   1   6   3
 -2.82778918384044139142E-03   7   1   6   4
 -3.16722401537041691258E-03   7   1   6   5
  7.39660645142384775251E-04   7   1   6   6
  2.07539150100005814759E-02   7   1   7   1
 -1.42625889641792239632E-02   7   1   7   2
 -1.65518750647806328624E-03   7   1   7   3
  2.38379547850626344330E-04   7   1   7   4
 -3.69987062094637728440E-03   7   1   7   5
  1.08877773075010905214E-03   7   1   7   6
 -2.22052383668707299484E-04   7   1   7   7
  1.28252675190667651125E-06   7   1   8   1
  1.73894635552846447317E-05   7   1   8   2
  2.84673188712980312562E-03   7   1   8   3
 -1.07737797897330782326E-03   7   1   8   4
  2.17510968841782680733E-03   7   1   8   5
 -4.67453674860505692754E-04   7   1   8   6
 -6.58620143879045999089E-04   7   1   8   7
 -6.06638869418269313129E-04   7   1   8   8
 -1.59221755531028201633E-04   7   1   9   1
 -1.23969182518029205717E-04   7   1   9   2
  2.20895572106751068159E-03   7   1   9   3
 -9.65466036753227264955E-03   7   1   9   4
 -7.38467436632585152306E-04   7   1   9   5
 -3.80730218013807279135E-05   7   1   9   6
  2.02042170202990818695E-02   7   1   9   7
 -4.79753821718284723585E-05   7   1   9   8
  2.62993297086937347518E-04   7   1   9   9
  1.52239473153779067763E-03   7   2   1   1
  5.50228093676103228765E-05   7   2   2   1
  4.99567287592815037142E-04   7   2   2   2
 -2.09024025087981967647E-03   7   2   3   1
  4.01060715669923628646E-03   7   2   3   2
  1.18907405846412662920E-02   7   2   3   3
  9.55132073429543204668E-03   7   2   4   1
 -1.80844925587546265233E-02   7   2   4   2
 -5.10091905117425123417E-03   7   2   4   3
  1.05163769869068952044E-03   7   2   4   4
  8.65148070674435533400E-04   7   2   5   1
 -1.56394503625855384697E-03   7   2   5   2
  1.19780974170738754858E-02   7   2   5   3
 -1.07863989721895311286E-02   7   2   5   4
 -1.17634938374078026890E-02   7   2   5   5
  1.00718703896807774528E-05   7   2   6   1
  2.46134629846658139403E-06   7   2   6   2
  3.36258454586464434338E-03   7   2   6   3
 -2.54440912624829315009E-03   7   2   6   4
 -3.93997988042132409048E-03   7   2   6   5
 -1.74232049790489576524E-02   7   2   6   6
 -1.42625889641792152895E-02   7   2   7   1
  4.76346329519055991519E-02   7   2   7   2
 -1.84975800148943938898E-03   7   2   7   3
 -3.52171368537374310237E-04   7   2   7   4
 -4.32810303151588433163E-03   7   2   7   5
 -2.08078942173626178780E-02   7   2   7   6
  1.90948814280875438926E-03   7   2   7   7
  1.75800162476686575410E-05   7   2   8   1
  1.04897674977735029381E-05   7   2   8   2
  3.60820905737124211429E-03   7   2   8   3
 -4.08759957758249303783E-03   7   2   8   4
  2.21435874954085563579E-03   7   2   8   5
  1.18253298268178198144E-02   7   2   8   6
 -1.11535287697683144215E-02   7   2   8   7
  1.69388421991043848502E-02   7   2   8   8
 -1.25173348784609798174E-04   7   2   9   1
 -1.11345704533881401750E-04   7   2   9   2
 -8.64231563484877535197E-03   7   2   9   3
  4.01148208222506727494E-02   7   2   9   4
  3.84780390856897212826E-03   7   2   9   5
  8.54240997674392027635E-04   7   2   9   6
 -9.25689728993758266518E-03   7   2   9   7
  7.55462285549978341398E-04   7   2   9   8
  3.59330341994015941762E-04   7   2   9   9
  5.33305962876967284969E-02   7   3   1   1
  1.15684767173249505867E-03   7   3   2   1
  1.73249489992691949047E-02   7   3   2   2
 -2.03856184246517047401E-03   7   3   3   1
  2.97433526399642697569E-02   7   3   3   2
  2.42574707247800620824E-02   7   3   3   3
  8.81120319669489874062E-04   7   3   4   1
 -1.33589297802656093578E-02   7   3   4   2
  2.24813368751569861437E-02   7   3   4   3
 -1.03846810632073896161E-03   7   3   4   4
 -2.09213724428054760260E-03   7   3   5   1
  3.10390192310478693627E-02   7   3   5   2
 -7.78027362518740519398E-03   7   3   5   3
  2.86616798543282104081E-03   7   3   5   4
  1.67728418244887031441E-02   7   3   5   5
  2.96622380302009620162E-03   7   3   6   1
  3.27086944280730084270E-03   7   3   6   2
 -7.31659853538636859721E-03   7   3   6   3
  1.69581003957793236339E-03   7   3   6   4
 -9.19812193162703427285E-03   7   3   6   5
  2.01768813581739286933E-02   7   3   6   6
 -1.65518750647806870725E-03   7   3   7   1
 -1.84975800148942984800E-03   7   3   7   2
  4.02132351874225565935E-02   7   3   7   3
 -3.07618631384544323482E-02   7   3   7   4
  2.33126728479136034744E-03   7   3   7   5
  3.78699857008612823100E-03   7   3   7   6
 -1.25301661100158572351E-03   7   3   7   7
  3.09961269691273310495E-03   7   3   8   1
  4.12986817911248100393E-03   7   3   8   2
 -5.00416923525688877444E-03   7   3   8   3
  3.07554015408232142570E-02   7   3   8   4
 -5.89984613950303611596E-03   7   3   8   5
 -9.40274094569355962936E-03   7   3   8   6
  1.21077222700723633603E-02   7   3   8   7
  2.60067855769060309046E-02   7   3   8   8
 -9.95152788373106179584E-04   7   3   9   1
 -1.50739929430758114876E-02   7   3   9   2
  1.41873711268021718973E-02   7   3   9   3
 -5.05167345638795738799E-03   7   3   9   4
  1.47523721141780261162E-02   7   3   9   5
  3.16590112396822331853E-02   7   3   9   6
 -1.75446318846481930098E-02   7   3   9   7
  3.31044329227239350621E-02   7   3   9   8
  1.46916066568888985938E-02   7   3   9   9
 -2.43867050176379523974E-01   7   4   1   1
 -5.31028652809491241715E-03   7   4   2   1
 -7.87504885204400179033E-02   7   4   2   2
  9.05785169305975803103E-04   7   4   3   1
 -1.33865175044317642750E-02   7   4   3   2
 -6.19450571257845541973E-02   7   4   3   3
 -1.56408247337632279154E-04   7   4   4   1
  1.65810486879226499750E-03   7   4   4   2
 -1.95296592778430415371E-02   7   4   4   3
 -6.61523856623263545318E-02   7   4   4   4
  1.87971781812059420685E-03   7   4   5   1
 -2.79352037109588911823E-02   7   4   5   2
  2.84327374632291742310E-03   7   4   5   3
  6.20349136745359814454E-03   7   4   5   4
 -5.46462749259552238446E-02   7   4   5   5
 -2.62768394701579782735E-03   7   4   6   1
 -2.16669498158248655800E-03   7   4   6   2
 -5.71190234154491977177E-04   7   4   6   3
 -1.33044969695716411469E-03   7   4   6   4
  6.00996144816530672439E-02   7   4   6   5
 -6.91140068595234857707E-02   7   4   6   6
  2.38379547850634231900E-04   7   4   7   1
 -3.52171368537406348411E-04   7   4   7   2
 -3.07618631384544462259E-02   7   4   7   3
  9.38417806174157292931E-02   7   4   7   4
  1.15312996252356914084E-02   7   4   7   5
  6.53551223283407520248E-03   7   4   7   6
 -7.02989780761687221844E-02   7   4   7   7
 -1.85080703287917778220E-03   7   4   8   1
 -5.69630091041379779671E-03   7   4   8   2
  5.09351647665389414832E-02   7   4   8   3
 -5.81423653768890877531E-04   7   4   8   4
  1.10389754891676034748E-02   7   4   8   5
  7.18007907356227846607E-03   7   4   8   6
 -1.43645884898752924236E-02   7   4   8   7
 -7.61995532044588419485E-02   7   4   8   8
  5.06274094848320650730E-03   7   4   9   1
  6.95389154484232219211E-02   7   4   9   2
 -3.95332045437003093413E-03   7   4   9   3
  1.01310628159052493191E-03   7   4   9   4
 -1.35854577375686281365E-02   7   4   9   5
 -2.84254261125729476567E-02   7   4   9   6
  1.24986367910174048235E-03   7   4   9   7
 -1.85327884955075669615E-02   7   4   9   8
 -5.65555780842547581311E-02   7   4   9   9
 -2.21380594162206949249E-02   7   5   1   1
 -4.88211488341648320189E-04   7   5   2   1
 -7.00204279379265312477E-03   7   5   2   2
 -2.09329355130304746099E-03   7   5   3   1
  3.11047487376583803309E-02   7   5   3   2
 -1.54504212492394352868E-02   7   5   3   3
  1.88547813945722907841E-03   7   5   4   1
 -2.79858659597522138607E-02   7   5   4   2
  2.90177035266674446246E-03   7   5   4   3
 -1.41258612317381724612E-03   7   5   4   4
  2.08582795671274738580E-03   7   5   5   1
 -3.15909751779073003086E-02   7   5   5   2
 -1.69738583997350311883E-03   7   5   5   3
  2.98079328299271639757E-02   7   5   5   4
  3.17613653018971697599E-04   7   5   5   5
 -3.05630992848243123947E-03   7   5   6   1
 -3.74656966486375080094E-03   7   5   6   2
 -5.07686517319876681048E-03   7   5   6   3
  4.02410560546408377358E-02   7   5   6   4
  8.68699124888516922838E-03   7   5   6   5
 -7.73228355215865598843E-03   7   5   6   6
 -3.69987062094637641704E-03   7   5   7   1
 -4.32810303151582795311E-03   7   5   7   2
  2.33126728479132261720E-03   7   5   7   3
  1.15312996252356601834E-02   7   5   7   4
  4.64164476819782512163E-02   7   5   7   5
  2.19022561248988986704E-02   7   5   7   6
 -1.00859462030178077905E-04   7   5   7   7
  2.11694654440663151268E-03   7   5   8   1
  2.07991198811236259122E-03   7   5   8   2
 -3.66043914473622011146E-03   7   5   8   3
  9.31146610248175833624E-03   7   5   8   4
  5.60494656627907438667E-03   7   5   8   5
  6.26798892539674398772E-03   7   5   8   6
  9.33617239273034152380E-03   7   5   8   7
 -1.47578217078254449179E-02   7   5   8   8
  6.11174562466859356939E-04   7   5   9   1
  6.50779825744464933412E-03   7   5   9   2
  1.48768654341372586619E-02   7   5   9   3
 -1.34589291483667890248E-02   7   5   9   4
 -1.50153037191662983713E-02   7   5   9   5
 -3.32594194719840335894E-02   7   5   9   6
 -3.96578599803466200213E-02   7   5   9   7
  2.24268815143725645800E-02   7   5   9   8
 -1.97532255668504035453E-03   7   5   9   9
 -6.14089616137431339778E-05   7   6   1   1
 -2.93627393255741082664E-06   7   6   2   1
  6.05730722062797305948E-05   7   6   2   2
  2.51740768991054345103E-04   7   6   3   1
  1.83528229168986138642E-02   7   6   3   2
 -8.53485916340512157374E-03   7   6   3   3
 -3.90267871194110527264E-04   7   6   4   1
 -1.54239414142801536250E-02   7   6   4   2
  1.25510381037308399281E-03   7   6   4   3
  1.30523596235881229020E-03   7   6   4   4
 -1.72383921207852830937E-04   7   6   5   1
 -1.97622761025774071331E-02   7   6   5   2
 -4.90644692191011169008E-03   7   6   5   3
  4.38892621984770248122E-02   7   6   5   4
  7.20760601225816852078E-03   7   6   5   5
  5.99140131169201327690E-04   7   6   6   1
 -1.78505519830190473307E-02   7   6   6   2
  4.28406651930740122857E-04   7   6   6   3
  2.08253635250739595197E-02   7   6   6   4
  5.13102322351952295013E-04   7   6   6   5
 -2.07785380692000884104E-03   7   6   6   6
  1.08877773075010753426E-03   7   6   7   1
 -2.08078942173626352252E-02   7   6   7   2
  3.78699857008610221015E-03   7   6   7   3
  6.53551223283399106839E-03   7   6   7   4
  2.19022561248989160176E-02   7   6   7   5
  4.68803161040768356926E-02   7   6   7   6
  8.59806222585986212881E-03   7   6   7   7
 -4.65709177091553413064E-04   7   6   8   1
  1.18175849146912488596E-02   7   6   8   2
 -8.85462377969702812974E-03   7   6   8   3
  6.65122414014620612355E-03   7   6   8   4
  5.71679420213392144867E-03   7   6   8   5
  6.37597453376259701990E-03   7   6   8   6
  1.00363288868762900313E-02   7   6   8   7
 -8.48425066327129946686E-03   7   6   8   8
 -2.59785416511518018170E-05   7   6   9   1
  8.24059333636297224740E-04   7   6   9   2
  2.13737165111155570651E-02   7   6   9   3
 -1.93364074409087954853E-02   7   6   9   4
 -2.24771465283205053309E-02   7   6   9   5
 -2.22382100017584453944E-02   7   6   9   6
 -2.44634782637266970373E-02   7   6   9   7
  1.42692697737026343019E-02   7   6   9   8
  1.94993792142024707087E-03   7   6   9   9
  7.31398711340044860307E-01   7   7   1   1
  8.47234873197843033066E-03   7   7   2   1
  4.93285182337222238846E-01   7   7   2   2
 -1.71426420109144867984E-04   7   7   3   1
 -1.01545935747204638805E-02   7   7   3   2
  4.64536133294975284169E-01   7   7   3   3
  1.56688062441349658990E-04   7   7   4   1
  3.81514917387806081362E-04   7   7   4   2
 -2.90353179965801705409E-02   7   7   4   3
  5.01544465360366786832E-01   7   7   4   4
 -2.57357660169130674985E-04   7   7   5   1
 -2.30090603041834783349E-02   7   7   5   2
  3.02457167827126748028E-03   7   7   5   3
  1.09477136567915633858E-02   7   7   5   4
  4.72528780456985819658E-01   7   7   5   5
  7.07541748712643106707E-04   7   7   6   1
 -2.17852620644839560515E-02   7   7   6   2
  1.19324644101294688459E-02   7   7   6   3
  1.67105601060295559657E-02   7   7   6   4
 -6.91977481180686138096E-02   7   7   6   5
  4.86786244875038409674E-01   7   7   6   6
 -2.22052383668715647841E-04   7   7   7   1
  1.90948814280874723352E-03   7   7   7   2
 -1.25301661100148706111E-03   7   7   7   3
 -7.02989780761685278954E-02   7   7   7   4
 -1.00859462030072463061E-04   7   7   7   5
  8.59806222585988641494E-03   7   7   7   6
  5.37792658941000700779E-01   7   7   7   7
  9.15542990346557890996E-04   7   7   8   1
 -7.32067346146869982193E-03   7   7   8   2
 -7.78441088948155363036E-02   7   7   8   3
 -3.28959225438885879966E-02   7   7   8   4
 -1.35202430550283359857E-03   7   7   8   5
  1.00872290740581880414E-02   7   7   8   6
 -1.80228844292870740706E-02   7   7   8   7
  4.75206125062551998361E-01   7   7   8   8
 -8.06608477801759940484E-03   7   7   9   1
 -8.19888365520489714733E-02   7   7   9   2
 -1.65484699380549424297E-02   7   7   9   3
 -8.96616398625482268619E-04   7   7   9   4
 -2.61894940171428190767E-02   7   7   9   5
 -2.53606175558021354477E-02   7   7   9   6
 -1.11985019503494853872E-04   7   7   9   7
 -1.47142909905520063996E-02   7   7   9   8
  4.76762538487632614448E-01   7   7   9   9
  1.80104418263809934464E-02   8   1   1   1
  2.38272829515670959283E-03   8   1   2   1
  6.29926780598321820435E-04   8   1   2   2
 -1.30920748270975939587E-02   8   1   3   1
  1.85729585932147243932E-02   8   1   3   2
  2.64680921247525263729E-03   8   1   3   3
 -2.72221915342816698710E-03   8   1   4   1
  3.86253056526484781982E-03   8   1   4   2
  3.10148572350135926304E-03   8   1   4   3
 -7.69900752791350100751E-04   8   1   4   4
 -1.46433505029239349922E-03   8   1   5   1
  2.07657723616537937678E-03   8   1   5   2
  1.60037282503889839030E-03   8   1   5   3
  2.43626793897851494017E-03   8   1   5   4
 -1.28990591547355443018E-03   8   1   5   5
 -3.60985423588296532840E-05   8   1   6   1
 -2.09965463017662071413E-06   8   1   6   2
  1.05490841477519857981E-03   8   1   6   3
  2.54135911532572420987E-03   8   1   6   4
 -2.43451998548216159285E-03   8   1   6   5
  1.02025302883150905710E-03   8   1   6   6
  1.28252675190550294711E-06   8   1   7   1
  1.75800162476644799745E-05   8   1   7   2
  3.09961269691273353863E-03   8   1   7   3
 -1.85080703287916867490E-03   8   1   7   4
  2.11694654440663151268E-03   8   1   7   5
 -4.65709177091549835197E-04   8   1   7   6
  9.15542990346535231171E-04   8   1   7   7
  2.08417179745257266643E-02   8   1   8   1
 -1.41628031262515940991E-02   8   1   8   2
  3.94297328217497067976E-03   8   1   8   3
  3.55479827558512120195E-03   8   1   8   4
  2.14484459525133381794E-03   8   1   8   5
 -4.32449483740613788369E-05   8   1   8   6
 -7.52594017245859238895E-04   8   1   8   7
 -2.82318804237094260479E-03   8   1   8   8
 -1.56511283791658096891E-03   8   1   9   1
 -1.41246025631143294621E-03   8   1   9   2
 -9.39705098891304227426E-03   8   1   9   3
 -1.85093669846471344138E-03   8   1   9   4
 -9.18472786119582120488E-04   8   1   9   5
 -5.97163151167386149467E-06   8   1   9   6
 -4.83315136471847647012E-05   8   1   9   7
  1.99883724247616502423E-02   8   1   9   8
  2.96461042965685209888E-03   8   1   9   9
  1.54082479830351792155E-02   8   2   1   1
  5.83169445636704539618E-04   8   2   2   1
  4.62020775080719276612E-03   8   2   2   2
  9.52592427262724528170E-03   8   2   3   1
 -1.78885610834394644109E-02   8   2   3   2
  1.46003424347465153577E-02   8   2   3   3
  1.97751225961536290787E-03   8   2   4   1
 -3.66107941539850403195E-03   8   2   4   2
  1.35412210020306993802E-02   8   2   4   3
 -6.16387872675425553884E-04   8   2   4   4
  1.06057387274580442946E-03   8   2   5   1
 -1.89760586056600334855E-03   8   2   5   2
  6.91891811068466155293E-03   8   2   5   3
  1.04408827485084985259E-02   8   2   5   4
 -2.85002644490539450498E-03   8   2   5   5
 -2.17852088122858562647E-06   8   2   6   1
  8.45539238278359618520E-06   8   2   6   2
  2.25015355574736258815E-03   8   2   6   3
  3.45152394208657776337E-03   8   2   6   4
 -6.30789521554847749940E-03   8   2   6   5
 -1.02455320543065626221E-02   8   2   6   6
  1.73894635552882903615E-05   8   2   7   1
  1.04897674977454492069E-05   8   2   7   2
  4.12986817911251222896E-03   8   2   7   3
 -5.69630091041382381756E-03   8   2   7   4
  2.07991198811236606067E-03   8   2   7   5
  1.18175849146912731458E-02   8   2   7   6
 -7.32067346146865558648E-03   8   2   7   7
 -1.41628031262516027727E-02   8   2   8   1
  4.77049386362907029691E-02   8   2   8   2
 -1.78957315903109344737E-03   8   2   8   3
  2.84194138186275946714E-03   8   2   8   4
  1.82168450683911067531E-03   8   2   8   5
  8.06729415554808919342E-03   8   2   8   6
  1.65302600356315998464E-02   8   2   8   7
  3.16341188090093483609E-02   8   2   8   8
 -1.39368806781418343686E-03   8   2   9   1
 -1.21404641320912282630E-03   8   2   9   2
  4.01890858723752408821E-02   8   2   9   3
  8.47607226400552346557E-03   8   2   9   4
  4.75986556953477898957E-03   8   2   9   5
  7.84687648292397145304E-04   8   2   9   6
  7.54073015810373479401E-04   8   2   9   7
 -7.18134225585303695438E-03   8   2   9   8
  2.59861293236091214429E-03   8   2   9   9
 -2.43433480994968032274E-01   8   3   1   1
 -5.31378980505168782567E-03   8   3   2   1
 -7.83428195998928378341E-02   8   3   2   2
 -2.28020223987911423852E-03   8   3   3   1
  2.74998236972822003576E-02   8   3   3   2
 -4.67494853338331489701E-02   8   3   3   3
 -2.35801151629237747478E-03   8   3   4   1
  3.49221840089739762880E-02   8   3   4   2
  1.50985099147708558276E-02   8   3   4   3
 -6.12133575914527577888E-02   8   3   4   4
 -1.20508186591974735501E-03   8   3   5   1
  1.78596071370306710979E-02   8   3   5   2
  1.90901637839691676324E-02   8   3   5   3
 -5.03916917329483380478E-03   8   3   5   4
 -7.44674599901624240106E-02   8   3   5   5
  1.16789321122318925580E-03   8   3   6   1
  2.51620887356316649472E-03   8   3   6   2
  6.66352709981694098923E-03   8   3   6   3
 -1.13273354441316819602E-02   8   3   6   4
  4.41347799585850644744E-02   8   3   6   5
 -8.31563099342763900612E-02   8   3   6   6
  2.84673188712980139090E-03   8   3   7   1
  3.60820905737121739448E-03   8   3   7   2
 -5.00416923525691219321E-03   8   3   7   3
  5.09351647665389414832E-02   8   3   7   4
 -3.66043914473618454963E-03   8   3   7   5
 -8.85462377969697782276E-03   8   3   7   6
 -7.78441088948155501814E-02   8   3   7   7
  3.94297328217496027142E-03   8   3   8   1
 -1.78957315903110081995E-03   8   3   8   2
  1.08556633555517839662E-01   8   3   8   3
  2.55043784974328946458E-02   8   3   8   4
  2.06197274527487872664E-02   8   3   8   5
  1.01370024970432060646E-02   8   3   8   6
  6.86927551625747100789E-03   8   3   8   7
 -5.94907673062609748671E-02   8   3   8   8
  5.34573335770666992206E-03   8   3   9   1
  6.96553198837222137252E-02   8   3   9   2
  1.65027367123600637866E-02   8   3   9   3
  1.85507472136245132877E-02   8   3   9   4
  9.10071134613340583519E-03   8   3   9   5
  1.34271109216097719180E-02   8   3   9   6
  3.28299144822880237249E-02   8   3   9   7
  3.79715326220085649944E-02   8   3   9   8
 -5.09624733123703391180E-02   8   3   9   9
 -5.05698098608294427381E-02   8   4   1   1
 -1.10817411519748454558E-03   8   4   2   1
 -1.61732178298594903021E-02   8   4   2   2
 -2.35645109723805123644E-03   8   4   3   1
  3.49531744713594064167E-02   8   4   3   2
 -2.40545562015261190844E-03   8   4   3   3
  3.74414749719836556507E-04   8   4   4   1
 -1.16801995097790562578E-02   8   4   4   2
  2.30291519861052298990E-02   8   4   4   3
 -2.81155520858520774352E-02   8   4   4   4
 -1.82357658761946560266E-03   8   4   5   1
  2.70754422481663779843E-02   8   4   5   2
 -5.08723097889560767898E-03   8   4   5   3
  6.48540768336568380914E-03   8   4   5   4
 -7.35036527771649756541E-03   8   4   5   5
  2.47304236554708040119E-03   8   4   6   1
  3.36594964586011541341E-03   8   4   6   2
 -9.55017418695835139386E-03   8   4   6   3
  3.19740120269205183381E-03   8   4   6   4
  1.56270208864926554715E-02   8   4   6   5
 -9.50370404783616729016E-03   8   4   6   6
 -1.07737797897331411164E-03   8   4   7   1
 -4.08759957758247135379E-03   8   4   7   2
  3.07554015408231865014E-02   8   4   7   3
 -5.81423653768873638717E-04   8   4   7   4
  9.31146610248178956126E-03   8   4   7   5
  6.65122414014619918465E-03   8   4   7   6
 -3.28959225438886573856E-02   8   4   7   7
  3.55479827558511816618E-03   8   4   8   1
  2.84194138186270612439E-03   8   4   8   2
  2.55043784974328668902E-02   8   4   8   3
  4.12265331877998200683E-02   8   4   8   4
 -1.49173062290061273980E-03   8   4   8   5
 -6.45693465365268417372E-03   8   4   8   6
  1.32109554727648133288E-02   8   4   8   7
 -5.70193876484624984774E-03   8   4   8   8
  1.22651376270872434181E-03   8   4   9   1
  1.46006319686695588272E-02   8   4   9   2
  1.84637961528357277818E-02   8   4   9   3
 -5.75499864796907324715E-03   8   4   9   4
  1.28024960712559057047E-02   8   4   9   5
  2.69993432134923369570E-02   8   4   9   6
 -1.77192920316165472561E-02   8   4   9   7
  3.79410540414422264854E-02   8   4   9   8
 -8.19660537494982383011E-03   8   4   9   9
 -2.70860985966449793749E-02   8   5   1   1
 -5.97821280001132530739E-04   8   5   2   1
 -8.54777763057311401607E-03   8   5   2   2
 -1.20010948101805501632E-03   8   5   3   1
  1.78936334096627333579E-02   8   5   3   2
  9.75625881136641011360E-03   8   5   3   3
 -1.82418200059919878922E-03   8   5   4   1
  2.71182213323853914255E-02   8   5   4   2
 -5.08274591273470341402E-03   8   5   4   3
 -2.89218944338572297309E-03   8   5   4   4
  7.62244351357210933248E-04   8   5   5   1
 -1.74553169956558236475E-02   8   5   5   2
  9.79160958524775623668E-03   8   5   5   3
  1.01185463521029517936E-02   8   5   5   4
 -2.71180566016486976344E-02   8   5   5   5
 -1.59600773710645484765E-03   8   5   6   1
 -4.60440779098743920711E-03   8   5   6   2
  2.43416051406560793313E-02   8   5   6   3
  1.12983898890735047493E-02   8   5   6   4
 -9.82004036530003884820E-03   8   5   6   5
 -2.81448974504392955553E-02   8   5   6   6
  2.17510968841782377156E-03   8   5   7   1
  2.21435874954085433475E-03   8   5   7   2
 -5.89984613950304305485E-03   8   5   7   3
  1.10389754891676034748E-02   8   5   7   4
  5.60494656627906918250E-03   8   5   7   5
  5.71679420213389022365E-03   8   5   7   6
 -1.35202430550289669914E-03   8   5   7   7
  2.14484459525133208321E-03   8   5   8   1
  1.82168450683912975727E-03   8   5   8   2
  2.06197274527487629803E-02   8   5   8   3
 -1.49173062290060493354E-03   8   5   8   4
  3.05581605792792261600E-02   8   5   8   5
  7.61758203027686469494E-03   8   5   8   6
 -6.26382789595530606319E-03   8   5   8   7
  2.13711404117745366188E-03   8   5   8   8
  7.26173095999423025455E-04   8   5   9   1
  8.00843268507774215526E-03   8   5   9   2
  9.38468476916287999701E-03   8   5   9   3
  1.29057404618663652124E-02   8   5   9   4
 -8.90088363594376645593E-03   8   5   9   5
 -2.34280158273588272333E-02   8   5   9   6
  2.24940723247681884089E-02   8   5   9   7
  2.30593630305279267967E-02   8   5   9   8
 -2.63777918608597110317E-03   8   5   9   9
 -7.84073279589753353077E-05   8   6   1   1
 -8.92603498040392630459E-06   8   6   2   1
  1.05978355422516688626E-04   8   6   2   2
 -1.74066014675440777337E-04   8   6   3   1
  8.95901089175387028984E-03   8   6   3   2
  9.62023350991502226859E-03   8   6   3   3
  6.04197814449258362862E-05   8   6   4   1
  1.65310660819481154704E-02   8   6   4   2
 -1.08451125656987765189E-02   8   6   4   3
  4.49694301460892755656E-03   8   6   4   4
  5.94586536737622475823E-04   8   6   5   1
 -1.84164684197765451956E-02   8   6   5   2
  2.67690255259947253175E-02   8   6   5   3
  1.38838932467927507475E-02   8   6   5   4
 -1.41258270491783546191E-02   8   6   5   5
 -5.43551220416591852891E-04   8   6   6   1
 -1.41011413245116651316E-02   8   6   6   2
  6.70604345841283120550E-03   8   6   6   3
  9.67298474783834932866E-03   8   6   6   4
 -1.84304470877523704497E-02   8   6   6   5
 -2.24454258590460961620E-02   8   6   6   6
 -4.67453674860512523228E-04   8   6   7   1
  1.18253298268178076713E-02   8   6   7   2
 -9.40274094569354748629E-03   8   6   7   3
  7.18007907356226458828E-03   8   6   7   4
  6.26798892539675179397E-03   8   6   7   5
  6.37597453376253717194E-03   8   6   7   6
  1.00872290740581394691E-02   8   6   7   7
 -4.32449483740560730225E-05   8   6   8   1
  8.06729415554812388789E-03   8   6   8   2
  1.01370024970432043299E-02   8   6   8   3
 -6.45693465365264340772E-03   8   6   8   4
  7.61758203027690893039E-03   8   6   8   5
  3.11084824934318437961E-02   8   6   8   6
 -8.48331150260909182259E-03   8   6   8   7
  1.03008971688559203966E-02   8   6   8   8
  1.13476042615651773269E-05   8   6   9   1
  7.59976047141744165056E-04   8   6   9   2
  9.20682638241985054628E-03   8   6   9   3
  1.82030021507755337962E-02   8   6   9   4
 -1.59751667962669402501E-02   8   6   9   5
 -2.18459920590269203455E-02   8   6   9   6
  1.42604042421202534957E-02   8   6   9   7
  1.17214957538043298979E-02   8   6   9   8
  2.11612304010902214230E-03   8   6   9   9
 -6.77246925386599678319E-05   8   7   1   1
 -9.18492747339888090130E-07   8   7   2   1
  3.77957342436752050064E-05   8   7   2   2
  1.22268734315998146714E-04   8   7   3   1
  1.92232742797989950012E-02   8   7   3   2
 -1.30502654734437418052E-03   8   7   3   3
  6.55750209136562426000E-04   8   7   4   1
 -1.51398752495572712362E-02   8   7   4   2
  3.45008084101865453164E-02   8   7   4   3
 -5.70643767754759612121E-03   8   7   4   4
  2.36536790546374022870E-04   8   7   5   1
  1.26587566979420394070E-02   8   7   5   2
 -7.12194994777727487939E-03   8   7   5   3
  1.05169300219837471427E-02   8   7   5   4
  6.97641947425934206423E-03   8   7   5   5
 -4.72246817984662105912E-04   8   7   6   1
  1.18451937668843307327E-02   8   7   6   2
 -9.57551405610245279232E-03   8   7   6   3
  7.23789421953417375089E-03   8   7   6   4
  6.22197651568898169039E-03   8   7   6   5
  6.35530362643110541959E-03   8   7   6   6
 -6.58620143879028001332E-04   8   7   7   1
 -1.11535287697683230951E-02   8   7   7   2
  1.21077222700723494825E-02   8   7   7   3
 -1.43645884898754277320E-02   8   7   7   4
  9.33617239273032417657E-03   8   7   7   5
  1.00363288868762570716E-02   8   7   7   6
 -1.80228844292871052957E-02   8   7   7   7
 -7.52594017245855986288E-04   8   7   8   1
  1.65302600356316033159E-02   8   7   8   2
  6.86927551625753085585E-03   8   7   8   3
  1.32109554727648705746E-02   8   7   8   4
 -6.26382789595533381877E-03   8   7   8   5
 -8.48331150260910916983E-03   8   7   8   6
  3.52260759492822733696E-02   8   7   8   7
  9.98366804675387096990E-03   8   7   8   8
 -3.78143234343014233295E-05   8   7   9   1
  7.29119686232596649761E-04   8   7   9   2
  2.25449734217986058615E-02   8   7   9   3
 -1.21298091542388943032E-02   8   7   9   4
  1.50957496807005587397E-02   8   7   9   5
  1.42369926460915886129E-02   8   7   9   6
 -1.84938399986243652562E-02   8   7   9   7
  2.08512881398405722222E-02   8   7   9   8
  1.64418116890248247955E-03   8   7   9   9
  7.31361339879834426725E-01   8   8   1   1
  8.48833912296378424733E-03   8   8   2   1
  4.93383366507304299553E-01   8   8   2   2
  1.77010239184612820466E-03   8   8   3   1
  1.23520897069580148225E-02   8   8   3   2
  5.16585103837050252373E-01   8   8   3   3
  5.70344494130024413578E-04   8   8   4   1
  1.96178696734249889688E-02   8   8   4   2
  2.15876354513679993841E-02   8   8   4   3
  4.66399099226712188226E-01   8   8   4   4
  3.28987233004654185467E-04   8   8   5   1
  1.19928891500473734644E-02   8   8   5   2
  1.94547471657519170651E-02   8   8   5   3
 -3.68926765478584531635E-03   8   8   5   4
  4.55502449592575908710E-01   8   8   5   5
 -4.37459823442269517269E-04   8   8   6   1
  7.14361883351685624660E-03   8   8   6   2
  1.78859321107419540209E-02   8   8   6   3
  3.03661966858028310040E-03   8   8   6   4
 -8.33827089965937379157E-02   8   8   6   5
  4.70884592446076000183E-01   8   8   6   6
 -6.06638869418237112324E-04   8   8   7   1
  1.69388421991043328085E-02   8   8   7   2
  2.60067855769059788629E-02   8   8   7   3
 -7.61995532044587586817E-02   8   8   7   4
 -1.47578217078255212458E-02   8   8   7   5
 -8.48425066327142436695E-03   8   8   7   6
  4.75206125062551831828E-01   8   8   7   7
 -2.82318804237091615025E-03   8   8   8   1
  3.16341188090093830554E-02   8   8   8   2
 -5.94907673062608846615E-02   8   8   8   3
 -5.70193876484628887902E-03   8   8   8   4
  2.13711404117745322820E-03   8   8   8   5
  1.03008971688558683549E-02   8   8   8   6
  9.98366804675407046310E-03   8   8   8   7
  5.50202998557918432354E-01   8   8   8   8
 -8.28008467894246133478E-03   8   8   9   1
 -8.00025140904372378259E-02   8   8   9   2
  2.13933126514041851984E-02   8   8   9   3
  2.44795659142028262933E-02   8   8   9   4
  1.64073950399651752319E-02   8   8   9   5
  1.07593182022919005986E-02   8   8   9   6
  2.11892191752130684690E-02   8   8   9   7
  2.54593216731147133081E-02   8   8   9   8
  4.80223198681996144010E-01   8   8   9   9
 -3.26507650630657231261E-01   9   1   1   1
 -4.37916482277270618928E-02   9   1   2   1
 -9.67016156171757006177E-03   9   1   2   2
 -6.67625251230157695272E-04   9   1   3   1
  1.06301421526504378395E-03   9   1   3   2
 -3.59571482160271757231E-03   9   1   3   3
 -2.29929932590559004107E-04   9   1   4   1
  3.35848183069330555837E-04   9   1   4   2
  1.26079252790536167723E-04   9   1   4   3
 -3.76769790584421948587E-03   9   1   4   4
  8.57389034405770807763E-05   9   1   5   1
 -1.39843817825130407395E-04   9   1   5   2
  1.20130048991322558238E-04   9   1   5   3
  1.68795843408722296341E-04   9   1   5   4
 -3.84362093234544332024E-03   9   1   5   5
  3.86441657185410266610E-04   9   1   6   1
  3.45539717525917167585E-04   9   1   6   2
 -3.59557623392724146853E-04   9   1   6   3
 -3.93921199584932821020E-04   9   1   6   4
  5.03670535294441570895E-03   9   1   6   5
 -8.01909751667648565410E-03   9   1   6   6
 -1.59221755531024000349E-04   9   1   7   1
 -1.25173348784567053504E-04   9   1   7   2
 -9.95152788373127863628E-04   9   1   7   3
  5.06274094848321431356E-03   9   1   7   4
  6.11174562466865753732E-04   9   1   7   5
 -2.59785416511610209235E-05   9   1   7   6
 -8.06608477801754736314E-03   9   1   7   7
 -1.56511283791656752480E-03   9   1   8   1
 -1.39368806781423699645E-03   9   1   8   2
  5.34573335770664910538E-03   9   1   8   3
  1.22651376270866883066E-03   9   1   8   4
  7.26173095999401666673E-04   9   1   8   5
  1.13476042615384348027E-05   9   1   8   6
 -3.78143234342754499112E-05   9   1   8   7
 -8.28008467894246480423E-03   9   1   8   8
  4.97888699158103714693E-02   9   1   9   1
  1.08496204226417244931E-02   9   1   9   2
 -2.64763828827899378501E-04   9   1   9   3
 -7.90798280660688320595E-05   9   1   9   4
  4.87294759537980213182E-05   9   1   9   5
 -3.42819579352790851368E-04   9   1   9   6
  1.22074734456223876668E-04   9   1   9   7
  1.37241628990320734330E-03   9   1   9   8
 -1.25579175463963570170E-02   9   1   9   9
 -2.87222013509500218031E-01   9   2   1   1
 -1.03800302002536835866E-02   9   2   2   1
 -8.75649767577250659478E-02   9   2   2   2
  5.62754964627098846694E-04   9   2   3   1
 -9.43437450157839918585E-04   9   2   3   2
 -6.81354120203050972471E-02   9   2   3   3
  1.73900019881529852017E-04   9   2   4   1
 -2.86757661760615820828E-04   9   2   4   2
  5.38518165420813531633E-04   9   2   4   3
 -6.89347116852883357030E-02   9   2   4   4
 -7.53559111734280085305E-05   9   2   5   1
  1.32430994305240550294E-04   9   2   5   2
  5.24845085035926563199E-04   9   2   5   3
  6.99585954265712853944E-04   9   2   5   4
 -6.93710748913784619463E-02   9   2   5   5
  3.50471043501367695520E-04   9   2   6   1
  2.96250532355298696295E-04   9   2   6   2
 -6.06455776794887282954E-03   9   2   6   3
 -7.58812726101542201623E-03   9   2   6   4
  7.06042804928558725974E-02   9   2   6   5
 -8.26687774691819837747E-02   9   2   6   6
 -1.23969182518019556318E-04   9   2   7   1
 -1.11345704533839754834E-04   9   2   7   2
 -1.50739929430758669987E-02   9   2   7   3
  6.95389154484230692654E-02   9   2   7   4
  6.50779825744474734600E-03   9   2   7   5
  8.24059333636376588339E-04   9   2   7   6
 -8.19888365520488604510E-02   9   2   7   7
 -1.41246025631143251253E-03   9   2   8   1
 -1.21404641320907533825E-03   9   2   8   2
  6.96553198837219639250E-02   9   2   8   3
  1.46006319686694183146E-02   9   2   8   4
  8.00843268507773348164E-03   9   2   8   5
  7.59976047141808675085E-04   9   2   8   6
  7.29119686232727404543E-04   9   2   8   7
 -8.00025140904372100703E-02   9   2   8   8
  1.08496204226417730654E-02   9   2   9   1
  7.33963784110157196894E-02   9   2   9   2
  6.06117237927261166830E-03   9   2   9   3
  1.99326838537476017793E-03   9   2   9   4
 -7.74194610686367436052E-04   9   2   9   5
  4.13700368514233044782E-04   9   2   9   6
 -3.28832680993034558148E-05   9   2   9   7
 -1.31736174116363954217E-03   9   2   9   8
 -6.57419247598283046363E-02   9   2   9   9
 -1.30369839779152264791E-02   9   3   1   1
 -2.67279983985829652348E-04   9   3   2   1
 -4.11287405138502197566E-03   9   3   2   2
  6.65491582819326479847E-03   9   3   3   1
  1.21674694092799486750E-02   9   3   3   2
  9.13096009959466978212E-03   9   3   3   3
 -9.15155357071293393094E-05   9   3   4   1
  1.40155874276901883102E-03   9   3   4   2
  2.07444402430415376914E-02   9   3   4   3
 -8.98486747374041376524E-03   9   3   4   4
 -8.73336395061914634369E-05   9   3   5   1
  1.37283240743142002753E-03   9   3   5   2
  7.92881515500629477367E-03   9   3   5   3
  2.03650858739034337774E-02   9   3   5   4
 -9.86076251965197457527E-03   9   3   5   5
  9.69257607339842541458E-04   9   3   6   1
 -3.38572117578356777956E-03   9   3   6   2
  3.76180389393079416677E-03   9   3   6   3
  1.54517609377560621864E-02   9   3   6   4
 -4.89365261795756886776E-03   9   3   6   5
 -1.86171877755023258694E-02   9   3   6   6
  2.20895572106750894686E-03   9   3   7   1
 -8.64231563484873024916E-03   9   3   7   2
  1.41873711268022395515E-02   9   3   7   3
 -3.95332045437005088345E-03   9   3   7   4
  1.48768654341372777439E-02   9   3   7   5
  2.13737165111155431874E-02   9   3   7   6
 -1.65484699380549563075E-02   9   3   7   7
 -9.39705098891303533537E-03   9   3   8   1
  4.01890858723751784320E-02   9   3   8   2
  1.65027367123599527643E-02   9   3   8   3
  1.84637961528357416596E-02   9   3   8   4
  9.38468476916287479284E-03   9   3   8   5
  9.20682638241984187266E-03   9   3   8   6
  2.25449734217985815754E-02   9   3   8   7
  2.13933126514042858124E-02   9   3   8   8
 -2.64763828827870972404E-04   9   3   9   1
  6.06117237927267758779E-03   9   3   9   2
  4.86986889550730661647E-02   9   3   9   3
  1.44545613804622843923E-03   9   3   9   4
  1.33448235015197610651E-03   9   3   9   5
  3.56392502580481543815E-04   9   3   9   6
 -1.87945289491456756989E-03   9   3   9   7
  2.17382090296387338324E-02   9   3   9   8
 -6.34454218846045242888E-04   9   3   9   9
 -4.18225854370325635795E-03   9   4   1   1
 -8.94860341937704043425E-05   9   4   2   1
 -1.26675509526635540238E-03   9   4   2   2
 -9.12746810739463118340E-05   9   4   3   1
  1.40289700533947317602E-03   9   4   3   2
  1.93172456327865560421E-02   9   4   3   3
  6.79302666799399233744E-03   9   4   4   1
  1.01022831406779346752E-02   9   4   4   2
 -4.50101907666571304095E-03   9   4   4   3
 -1.19564359327027180772E-03   9   4   4   4
 -1.19227855018323735965E-04   9   4   5   1
  1.83766055840283316219E-03   9   4   5   2
  2.03524381261756606709E-02   9   4   5   3
 -1.03213468571044641314E-02   9   4   5   4
 -2.11732610814423342915E-02   9   4   5   5
  1.25189075113159515099E-03   9   4   6   1
 -4.26216881486960342401E-03   9   4   6   2
  1.55231956669935056148E-02   9   4   6   3
 -7.94457415364092402188E-03   9   4   6   4
 -1.61795405184957351297E-02   9   4   6   5
 -2.80346807733793910999E-02   9   4   6   6
 -9.65466036753227264955E-03   9   4   7   1
  4.01148208222507005050E-02   9   4   7   2
 -5.05167345638791315254E-03   9   4   7   3
  1.01310628159059583873E-03   9   4   7   4
 -1.34589291483667595345E-02   9   4   7   5
 -1.93364074409087885464E-02   9   4   7   6
 -8.96616398625656391488E-04   9   4   7   7
 -1.85093669846471148982E-03   9   4   8   1
  8.47607226400553040446E-03   9   4   8   2
  1.85507472136244785932E-02   9   4   8   3
 -5.75499864796903161379E-03   9   4   8   4
  1.29057404618663842943E-02   9   4   8   5
  1.82030021507755060406E-02   9   4   8   6
 -1.21298091542388630781E-02   9   4   8   7
  2.44795659142026597599E-02   9   4   8   8
 -7.90798280660182269231E-05   9   4   9   1
  1.99326838537471594248E-03   9   4   9   2
  1.44545613804628807035E-03   9   4   9   3
  4.66109871361968242098E-02   9   4   9   4
  1.73165271618960412391E-03   9   4   9   5
  1.10393691982374063561E-03   9   4   9   6
  1.72634341095963192436E-02   9   4   9   7
  6.46581648390714015112E-03   9   4   9   8
 -3.24347884515736983977E-05   9   4   9   9
  1.70925257922150265581E-03   9   5   1   1
  3.39395739421919240969E-05   9   5   2   1
  5.53003866105414212256E-04   9   5   2   2
 -8.74040344722918206930E-05   9   5   3   1
  1.37565371254846327727E-03   9   5   3   2
  8.50534683136087640842E-03   9   5   3   3
 -1.19290357353291602430E-04   9   5   4   1
  1.84072164209068338085E-03   9   5   4   2
  2.03210759879608390821E-02   9   5   4   3
 -9.71741559522139655702E-03   9   5   4   4
  6.87837484599411724123E-03   9   5   5   1
  9.01183115800075970614E-03   9   5   5   2
 -5.36445260003987241249E-03   9   5   5   3
 -1.97244928416077172639E-02   9   5   5   4
  2.48585765667753413530E-03   9   5   5   5
 -9.94853033878369784337E-03   9   5   6   1
  4.07332993239915147621E-02   9   5   6   2
 -5.90210506287830623251E-03   9   5   6   3
 -1.64340979023845576434E-02   9   5   6   4
  3.73129616957143007971E-03   9   5   6   5
  1.12160951642375546905E-02   9   5   6   6
 -7.38467436632579622875E-04   9   5   7   1
  3.84780390856900205224E-03   9   5   7   2
  1.47523721141779914218E-02   9   5   7   3
 -1.35854577375686368101E-02   9   5   7   4
 -1.50153037191663261268E-02   9   5   7   5
 -2.24771465283205226782E-02   9   5   7   6
 -2.61894940171427392794E-02   9   5   7   7
 -9.18472786119580277345E-04   9   5   8   1
  4.75986556953473388676E-03   9   5   8   2
  9.10071134613339889630E-03   9   5   8   3
  1.28024960712559091741E-02   9   5   8   4
 -8.90088363594376645593E-03   9   5   8   5
 -1.59751667962668882084E-02   9   5   8   6
  1.50957496807005136369E-02   9   5   8   7
  1.64073950399650503318E-02   9   5   8   8
  4.87294759538425955800E-05   9   5   9   1
 -7.74194610686281784080E-04   9   5   9   2
  1.33448235015191886063E-03   9   5   9   3
  1.73165271618964510675E-03   9   5   9   4
  4.57841230913054453300E-02   9   5   9   5
  1.55285274143586934925E-02   9   5   9   6
  4.13576509960798029825E-03   9   5   9   7
  4.90379415016014338219E-03   9   5   9   8
  4.67946042494976730160E-04   9   5   9   9
 -6.33686111716389127539E-04   9   6   1   1
  5.67472232932249379947E-05   9   6   2   1
 -4.71411951712378423686E-04   9   6   2   2
  1.22256682275976072925E-03   9   6   3   1
 -7.62639296494433457235E-03   9   6   3   2
  7.44406482283122006294E-03   9   6   3   3
  1.54597736932378317272E-03   9   6   4   1
 -9.36913447939906503248E-03   9   6   4   2
  3.44227007690060884948E-02   9   6   4   3
 -1.76883993543741936671E-02   9   6   4   4
 -1.39383773872734113147E-02   9   6   5   1
  9.42883313258466859708E-02   9   6   5   2
 -1.47002690281005134187E-02   9   6   5   3
 -3.69383427128745708834E-02   9   6   5   4
  9.41426082887668325139E-03   9   6   5   5
  2.01922813169735856920E-02   9   6   6   1
 -1.00336946132749543770E-02   9   6   6   2
 -2.06647793881840659280E-02   9   6   6   3
 -3.94393127536684581780E-02   9   6   6   4
  1.62441119692384068618E-02   9   6   6   5
  1.61328840511985038830E-02   9   6   6   6
 -3.80730218013857355723E-05   9   6   7   1
  8.54240997674518120347E-04   9   6   7   2
  3.16590112396821568574E-02   9   6   7   3
 -2.84254261125730031678E-02   9   6   7   4
 -3.32594194719840335894E-02   9   6   7   5
 -2.22382100017584245777E-02   9   6   7   6
 -2.53606175558020903449E-02   9   6   7   7
 -5.97163151167472123311E-06   9   6   8   1
  7.84687648292297723965E-04   9   6   8   2
  1.34271109216098100819E-02   9   6   8   3
  2.69993432134923196097E-02   9   6   8   4
 -2.34280158273588653972E-02   9   6   8   5
 -2.18459920590269966734E-02   9   6   8   6
  1.42369926460915903477E-02   9   6   8   7
  1.07593182022917756985E-02   9   6   8   8
 -3.42819579352765264196E-04   9   6   9   1
  4.13700368514419419136E-04   9   6   9   2
  3.56392502580471623366E-04   9   6   9   3
  1.10393691982371721684E-03   9   6   9   4
  1.55285274143587333912E-02   9   6   9   5
  9.88558409966524692658E-02   9   6   9   6
  1.90761848845290293841E-03   9   6   9   7
  2.04004838924391534646E-03   9   6   9   8
 -2.82171889557311303398E-03   9   6   9   9
  1.55176892564866695601E-04   9   7   1   1
 -2.47334635280654843985E-05   9   7   2   1
  1.85802423582692569949E-04   9   7   2   2
  3.00357281517170046636E-03   9   7   3   1
 -1.97791187665179862831E-02   9   7   3   2
  3.14545741583415680576E-02   9   7   3   3
 -1.36950755583970587570E-02   9   7   4   1
  9.34527194614338252432E-02   9   7   4   2
 -1.26121435189262259130E-02   9   7   4   3
  1.66639463054175452142E-03   9   7   4   4
 -1.23684830058649734320E-03   9   7   5   1
  9.43372651292282739244E-03   9   7   5   2
  3.23974468772635290637E-02   9   7   5   3
 -2.93792485418662464858E-02   9   7   5   4
 -3.29114331163613688114E-02   9   7   5   5
 -3.82790685545633226961E-05   9   7   6   1
  8.55909810672899761148E-04   9   7   6   2
  3.17802768282346992379E-02   9   7   6   3
 -2.86876728682548855220E-02   9   7   6   4
 -3.34456051532394035841E-02   9   7   6   5
 -2.19240030828024637377E-02   9   7   6   6
  2.02042170202990749306E-02   9   7   7   1
 -9.25689728993750807207E-03   9   7   7   2
 -1.75446318846480785181E-02   9   7   7   3
  1.24986367910178666936E-03   9   7   7   4
 -3.96578599803465783880E-02   9   7   7   5
 -2.44634782637267664263E-02   9   7   7   6
 -1.11985019503471231817E-04   9   7   7   7
 -4.83315136471744308993E-05   9   7   8   1
  7.54073015810357758469E-04   9   7   8   2
  3.28299144822879959693E-02   9   7   8   3
 -1.77192920316165125616E-02   9   7   8   4
  2.24940723247682265729E-02   9   7   8   5
  1.42604042421203003332E-02   9   7   8   6
 -1.84938399986242923978E-02   9   7   8   7
  2.11892191752129852023E-02   9   7   8   8
  1.22074734456263504258E-04   9   7   9   1
 -3.28832680993277012859E-05   9   7   9   2
 -1.87945289491457168986E-03   9   7   9   3
  1.72634341095963227131E-02   9   7   9   4
  4.13576509960794907322E-03   9   7   9   5
  1.90761848845304952255E-03   9   7   9   6
  1.00707736667233552219E-01   9   7   9   7
  1.63517323936613733631E-03   9   7   9   8
  1.26547428836583527277E-03   9   7   9   9
  2.54743231044374371028E-03   9   8   1   1
 -2.27128036012601698494E-04   9   8   2   1
  1.89304656331535639188E-03   9   8   2   2
 -1.36184872673598376946E-02   9   8   3   1
  9.47118837419139714129E-02   9   8   3   2
  3.21902661429032399543E-02   9   8   3   3
 -2.81880913229603981968E-03   9   8   4   1
  2.03441925114977058275E-02   9   8   4   2
  3.81025850690741296756E-02   9   8   4   3
 -1.12171638580899901694E-02   9   8   4   4
 -1.52737240139781205520E-03   9   8   5   1
  1.15533390168400806886E-02   9   8   5   2
  1.94559767491210774959E-02   9   8   5   3
  2.82421522851580043822E-02   9   8   5   4
 -1.75986276280031342378E-02   9   8   5   5
 -6.42771694414613684032E-06   9   8   6   1
  7.86560472839225514712E-04   9   8   6   2
  1.33148587794192502232E-02   9   8   6   3
  2.71034802393139533094E-02   9   8   6   4
 -2.43562258454122562701E-02   9   8   6   5
 -1.81045382831997621331E-02   9   8   6   6
 -4.79753821718233495032E-05   9   8   7   1
  7.55462285550047079816E-04   9   8   7   2
  3.31044329227239628177E-02   9   8   7   3
 -1.85327884955075947171E-02   9   8   7   4
  2.24268815143725992745E-02   9   8   7   5
  1.42692697737026343019E-02   9   8   7   6
 -1.47142909905521833414E-02   9   8   7   7
  1.99883724247616433034E-02   9   8   8   1
 -7.18134225585310200651E-03   9   8   8   2
  3.79715326220084400943E-02   9   8   8   3
  3.79410540414421779132E-02   9   8   8   4
  2.30593630305279684301E-02   9   8   8   5
  1.17214957538043576535E-02   9   8   8   6
  2.08512881398407283473E-02   9   8   8   7
  2.54593216731147896359E-02   9   8   8   8
  1.37241628990325136191E-03   9   8   9   1
 -1.31736174116372064050E-03   9   8   9   2
  2.17382090296386124018E-02   9   8   9   3
  6.46581648390704821078E-03   9   8   9   4
  4.90379415016022751628E-03   9   8   9   5
  2.04004838924394396940E-03   9   8   9   6
  1.63517323936610155764E-03   9   8   9   7
  1.04293747543994272386E-01   9   8   9   8
  1.25749074209395503288E-02   9   8   9   9
  6.94487637888088982230E-01   9   9   1   1
  1.22331760982200450638E-02   9   9   2   1
  4.70271445154803735544E-01   9   9   2   2
 -1.56526615604607455268E-03   9   9   3   1
  1.06457196036720720678E-02   9   9   3   2
  4.63450139406992867031E-01   9   9   3   3
 -4.99222777807225106574E-04   9   9   4   1
  3.54609873128076524135E-03   9   9   4   2
  3.09827825661901454929E-03   9   9   4   3
  4.59033023104312098983E-01   9   9   4   4
  2.07239258711805653243E-04   9   9   5   1
 -1.30819538552519060853E-03   9   9   5   2
  2.99758860840491740685E-03   9   9   5   3
  3.93751904351787463537E-03   9   9   5   4
  4.57140133425742167805E-01   9   9   5   5
 -7.36961600901302627681E-04   9   9   6   1
 -5.48364549304273260835E-04   9   9   6   2
  7.41719898344670672957E-03   9   9   6   3
  1.00940739713646070869E-02   9   9   6   4
 -5.97888239272451951778E-02   9   9   6   5
  4.74794901200676577879E-01   9   9   6   6
  2.62993297086914796113E-04   9   9   7   1
  3.59330341993805769171E-04   9   9   7   2
  1.46916066568890009425E-02   9   9   7   3
 -5.65555780842545152698E-02   9   9   7   4
 -1.97532255668515874941E-03   9   9   7   5
  1.94993792142014450534E-03   9   9   7   6
  4.76762538487632669959E-01   9   9   7   7
  2.96461042965686727771E-03   9   9   8   1
  2.59861293236069920698E-03   9   9   8   2
 -5.09624733123699227844E-02   9   9   8   3
 -8.19660537494974229811E-03   9   9   8   4
 -2.63777918608600883341E-03   9   9   8   5
  2.11612304010868040177E-03   9   9   8   6
  1.64418116890230770616E-03   9   9   8   7
  4.80223198681996421566E-01   9   9   8   8
 -1.25579175463965755921E-02   9   9   9   1
 -6.57419247598282213696E-02   9   9   9   2
 -6.34454218845873938945E-04   9   9   9   3
 -3.24347884514212256909E-05   9   9   9   4
  4.67946042495127434262E-04   9   9   9   5
 -2.82171889557287147374E-03   9   9   9   6
  1.26547428836592309315E-03   9   9   9   7
  1.25749074209395902274E-02   9   9   9   8
  4.63297197865072396539E-01   9   9   9   9
 -1.96856169586827505213E+01   1   1   0   0
 -3.67594209764966151077E-01   2   1   0   0
 -5.37814168302944572986E+00   2   2   0   0
  7.24694678484544057770E-04   3   1   0   0
 -1.02661339090715994504E-03   3   2   0   0
 -4.86964634151894237846E+00   3   3   0   0
  7.95154453563050165514E-05   4   1   0   0
 -5.41375710472376324260E-04   4   2   0   0
 -6.56989510869903747640E-04   4   3   0   0
 -4.86821202430312727216E+00   4   4   0   0
 -1.14381135033548106015E-04   5   1   0   0
  1.52041192084971982278E-04   5   2   0   0
 -9.62780788839232210853E-04   5   3   0   0
 -8.84654954075858373716E-04   5   4   0   0
 -4.86683154973503029339E+00   5   5   0   0
  5.19290826591281388935E-03   6   1   0   0
  1.40579917782688249700E-02   6   2   0   0
 -8.73775645045882370932E-02   6   3   0   0
 -1.09091527153993075872E-01   6   4   0   0
  9.81951670268518039819E-01   6   5   0   0
 -4.36403524561452549335E+00   6   6   0   0
 -1.95548977708298295577E-03   7   1   0   0
 -5.86518762653090788839E-03   7   2   0   0
 -2.11397430146304299292E-01   7   3   0   0
  9.65697147263119948235E-01   7   4   0   0
  8.73564460983519697201E-02   7   5   0   0
  7.78846053251067052103E-05   7   6   0   0
 -4.36443854871251435412E+00   7   7   0   0
 -2.10030467785351920851E-02   8   1   0   0
 -5.69577654586987322527E-02   8   2   0   0
  9.63526068335666452391E-01   8   3   0   0
  1.99951620629543413976E-01   8   4   0   0
  1.06873767343298703425E-01   8   5   0   0
 -2.46401459337789275424E-05   8   6   0   0
  1.61071486331301663014E-04   8   7   0   0
 -4.36334826102028205952E+00   8   8   0   0
  3.78178814852699163307E-01   9   1   0   0
  1.06238616269206698206E+00   9   2   0   0
  5.13846894309984703053E-02   9   3   0   0
  1.63093477673168368858E-02   9   4   0   0
 -6.76075504758346778472E-03   9   5   0   0
  4.10193017380565405627E-03   9   6   0   0
 -1.18654560882377200018E-03   9   7   0   0
 -1.65637128060009825026E-02   9   8   0   0
 -4.07410420880145984768E+00   9   9   0   0
 -1.10304939558899466334E+01   1   0   0   0
 -9.08431964575897143988E-01   2   0   0   0
 -5.18232834516659912616E-01   3   0   0   0
 -5.17937839642096609083E-01   4   0   0   0
 -5.16910539741475605346E-01   5   0   0   0
  7.11012318964713729841E-01   6   0   0   0
  7.13295667633333074775E-01   7   0   0   0
  7.14234196075226424050E-01   8   0   0   0
  7.50365860483083180199E-01   9   0   0   0
  1.34336268319828526785E+01   0   0   0   0
