&FCI NORB=10, NELEC=14, MS2=0, UHF=.FALSE., ORBSYM=1,1,1,1,4,2,2,2,2,3, ISYM=1, &END
  2.32933145660289442347E+00   1   1   1   1
  1.98585539833741803184E-01   1   1   2   1
  8.30827619418400220574E-01   1   1   2   2
  7.05948916660279146562E-01   1   1   3   3
  8.21860637132826449269E-02   1   1   4   1
 -7.60991410722056532689E-02   1   1   4   2
  6.97943852098856010180E-01   1   1   4   4
  7.46980244231204015826E-01   1   1   5   5
  2.32995991547130909538E+00   1   1   6   6
  1.87834468694189710147E-01   1   1   7   6
  6.76182794929304553655E-01   1   1   7   7
  7.46980244231204904004E-01   1   1   8   8
  1.32088055818128102814E-01   1   1   9   6
  3.96356911054318028498E-02   1   1   9   7
  9.27525274136408839354E-01   1   1   9   9
  7.05948916660278924518E-01   1   1  10  10
  1.98585539833741886451E-01   2   1   1   1
  3.44282375818077551743E-02   2   1   2   1
 -3.68193651104619908490E-03   2   1   2   2
  6.19432143925879191183E-04   2   1   3   3
  5.61743324552544439493E-03   2   1   4   1
  7.69978613875153122814E-03   2   1   4   2
  9.75498131390821650311E-03   2   1   4   4
  6.38311541006712345608E-03   2   1   5   5
  1.98654257208121076683E-01   2   1   6   6
  2.57417650494105414161E-02   2   1   7   6
  1.36152880274342958505E-02   2   1   7   7
  6.38311541006719718183E-03   2   1   8   8
  3.08778850257481370101E-02   2   1   9   6
 -3.68183446525849941006E-03   2   1   9   7
  6.12947960988746015643E-03   2   1   9   9
  6.19432143925855121895E-04   2   1  10  10
  8.30827619418400442619E-01   2   2   1   1
 -3.68193651104613403277E-03   2   2   2   1
  7.85696879836441652856E-01   2   2   2   2
  6.41644071351084366306E-01   2   2   3   3
  2.85539974805441680583E-02   2   2   4   1
 -1.08378929818675653896E-01   2   2   4   2
  5.53313849528550671941E-01   2   2   4   4
  6.15156936389669728449E-01   2   2   5   5
  8.30816229320512689149E-01   2   2   6   6
  2.11600342953790696021E-02   2   2   7   6
  5.22808245926939973991E-01   2   2   7   7
  6.15156936389670394583E-01   2   2   8   8
 -2.45968799483329073063E-02   2   2   9   6
  6.79982211814155884655E-02   2   2   9   7
  7.47682630965482264429E-01   2   2   9   9
  6.41644071351084144261E-01   2   2  10  10
  9.83562265166654584037E-03   3   1   3   1
 -1.78195569195560947484E-02   3   1   3   2
 -4.91580740482084818654E-03   3   1   4   3
  1.22106368842558495047E-02   3   1   8   6
 -1.57030805129844894252E-02   3   1   8   7
 -1.22340363440552428453E-02   3   1   9   8
 -1.78195569195560947484E-02   3   2   3   1
  1.12163938900584778113E-01   3   2   3   2
  1.57696583610890013472E-02   3   2   4   3
 -2.00733235932787183742E-02   3   2   8   6
  7.40488023939955414265E-02   3   2   8   7
  6.72342952959638223698E-02   3   2   9   8
  7.05948916660279146562E-01   3   3   1   1
  6.19432143925854471374E-04   3   3   2   1
  6.41644071351084477328E-01   3   3   2   2
  6.05281445078877378130E-01   3   3   3   3
  9.91205769208289115546E-03   3   3   4   1
 -4.78391798422372616084E-02   3   3   4   2
  5.25817618118428864449E-01   3   3   4   4
  5.53599932170075081928E-01   3   3   5   5
  7.05974241919445799631E-01   3   3   6   6
  8.37962305513784665167E-03   3   3   7   6
  5.17384870649242989415E-01   3   3   7   7
  6.00408619475942040289E-01   3   3   8   8
 -7.69146197928990364018E-03   3   3   9   6
  3.93815748037035021079E-02   3   3   9   7
  6.36522565150815622381E-01   3   3   9   9
  5.54494982474066255840E-01   3   3  10  10
  8.21860637132827143159E-02   4   1   1   1
  5.61743324552544699702E-03   4   1   2   1
  2.85539974805441403027E-02   4   1   2   2
  9.91205769208288248184E-03   4   1   3   3
  1.44496705983773402610E-02   4   1   4   1
 -1.24831573352943200200E-02   4   1   4   2
 -2.72690121591757494296E-03   4   1   4   4
  5.37124493796262928585E-03   4   1   5   5
  8.22633690028661407334E-02   4   1   6   6
  1.51099103698623584563E-02   4   1   7   6
 -4.85188451809917195567E-03   4   1   7   7
  5.37124493796271428731E-03   4   1   8   8
 -7.42762936644910266165E-03   4   1   9   6
  1.14751619895829999607E-02   4   1   9   7
  2.29062115286066993181E-02   4   1   9   9
  9.91205769208288595129E-03   4   1  10  10
 -7.60991410722054867355E-02   4   2   1   1
  7.69978613875153209550E-03   4   2   2   1
 -1.08378929818675681651E-01   4   2   2   2
 -4.78391798422372754862E-02   4   2   3   3
 -1.24831573352943338978E-02   4   2   4   1
  4.58341784485015862893E-02   4   2   4   2
 -1.91782832502737157765E-02   4   2   4   4
 -3.02711383204848222261E-02   4   2   5   5
 -7.60644691822905671952E-02   4   2   6   6
 -5.58367201360518428110E-03   4   2   7   6
 -2.63575037712342587562E-03   4   2   7   7
 -3.02711383204847354900E-02   4   2   8   8
  1.62091486011058279193E-02   4   2   9   6
 -2.23967952814847319487E-02   4   2   9   7
 -8.49674292252313445584E-02   4   2   9   9
 -4.78391798422373656918E-02   4   2  10  10
 -4.91580740482084731918E-03   4   3   3   1
  1.57696583610889944083E-02   4   3   3   2
  2.83957058437750327340E-02   4   3   4   3
 -6.51104670952934970474E-03   4   3   8   6
  3.96373431696512290578E-02   4   3   8   7
  3.14870042962851585944E-03   4   3   9   8
  6.97943852098856010180E-01   4   4   1   1
  9.75498131390821650311E-03   4   4   2   1
  5.53313849528550671941E-01   4   4   2   2
  5.25817618118428864449E-01   4   4   3   3
 -2.72690121591755716204E-03   4   4   4   1
 -1.91782832502737088376E-02   4   4   4   2
  5.94601557124983082225E-01   4   4   4   4
  5.52203060017780078539E-01   4   4   5   5
  6.97933415873155493792E-01   4   4   6   6
  3.41908952260141152033E-03   4   4   7   6
  5.69025511488185364861E-01   4   4   7   7
  5.52203060017780744673E-01   4   4   8   8
  1.28218035801589778228E-02   4   4   9   6
 -3.19756360823609392385E-02   4   4   9   7
  6.04521213336257745574E-01   4   4   9   9
  5.25817618118428642404E-01   4   4  10  10
  7.46980244231204126848E-01   5   5   1   1
  6.38311541006710090468E-03   5   5   2   1
  6.15156936389669617427E-01   5   5   2   2
  5.53599932170074970905E-01   5   5   3   3
  5.37124493796263015322E-03   5   5   4   1
 -3.02711383204849124318E-02   5   5   4   2
  5.52203060017780078539E-01   5   5   4   4
  6.19204842168616931275E-01   5   5   5   5
  7.47035157274196337518E-01   5   5   6   6
  7.94748342360985376986E-03   5   5   7   6
  5.46479313514624975845E-01   5   5   7   7
  5.67758588044931400418E-01   5   5   8   8
  6.27685753808670979063E-04   5   5   9   6
  2.46751413137446980184E-02   5   5   9   7
  6.37540805304527280484E-01   5   5   9   9
  6.00408619475941707222E-01   5   5  10  10
  2.32995991547130909538E+00   6   6   1   1
  1.98654257208120965661E-01   6   6   2   1
  8.30816229320512800172E-01   6   6   2   2
  7.05974241919445799631E-01   6   6   3   3
  8.22633690028660574667E-02   6   6   4   1
 -7.60644691822903451506E-02   6   6   4   2
  6.97933415873155493792E-01   6   6   4   4
  7.47035157274196226496E-01   6   6   5   5
  2.33058925100823133292E+00   6   6   6   6
  1.87937779090697976159E-01   6   6   7   6
  6.76208754403502809716E-01   6   6   7   7
  7.47035157274197114674E-01   6   6   8   8
  1.32072566294079180027E-01   6   6   9   6
  3.96681997047319198635E-02   6   6   9   7
  9.27563734930935024359E-01   6   6   9   9
  7.05974241919445577587E-01   6   6  10  10
  1.87834468694189932192E-01   7   6   1   1
  2.57417650494105483550E-02   7   6   2   1
  2.11600342953790244993E-02   7   6   2   2
  8.37962305513784318223E-03   7   6   3   3
  1.51099103698623584563E-02   7   6   4   1
 -5.58367201360514264774E-03   7   6   4   2
  3.41908952260135123868E-03   7   6   4   4
  7.94748342360983468791E-03   7   6   5   5
  1.87937779090697976159E-01   7   6   6   6
  2.80500802635597970558E-02   7   6   7   6
  4.04572971755416590373E-03   7   6   7   7
  7.94748342360985897403E-03   7   6   8   8
  1.30927909231192997341E-02   7   6   9   6
  7.19556745743572725299E-03   7   6   9   7
  2.21075695853087186848E-02   7   6   9   9
  8.37962305513781889610E-03   7   6  10  10
  6.76182794929304775700E-01   7   7   1   1
  1.36152880274343721784E-02   7   7   2   1
  5.22808245926939973991E-01   7   7   2   2
  5.17384870649242989415E-01   7   7   3   3
 -4.85188451809912598550E-03   7   7   4   1
 -2.63575037712339768636E-03   7   7   4   2
  5.69025511488185475883E-01   7   7   4   4
  5.46479313514624975845E-01   7   7   5   5
  6.76208754403502698693E-01   7   7   6   6
  4.04572971755414335232E-03   7   7   7   6
  5.57156385239839235801E-01   7   7   7   7
  5.46479313514625641979E-01   7   7   8   8
  1.72032466001735932781E-02   7   7   9   6
 -2.38853601625787434481E-02   7   7   9   7
  5.71868791381417995723E-01   7   7   9   9
  5.17384870649242656349E-01   7   7  10  10
  1.22106368842558460353E-02   8   6   3   1
 -2.00733235932787183742E-02   8   6   3   2
 -6.51104670952934797001E-03   8   6   4   3
  1.52357600729010334017E-02   8   6   8   6
 -1.89107195407943115550E-02   8   6   8   7
 -1.38369357823028421572E-02   8   6   9   8
 -1.57030805129844859558E-02   8   7   3   1
  7.40488023939955414265E-02   8   7   3   2
  3.96373431696512359967E-02   8   7   4   3
 -1.89107195407943115550E-02   8   7   8   6
  8.26683305281219749094E-02   8   7   8   7
  3.87553471587421261013E-02   8   7   9   8
  7.46980244231204904004E-01   8   8   1   1
  6.38311541006717029362E-03   8   8   2   1
  6.15156936389670505605E-01   8   8   2   2
  6.00408619475942040289E-01   8   8   3   3
  5.37124493796269694007E-03   8   8   4   1
 -3.02711383204847320205E-02   8   8   4   2
  5.52203060017780744673E-01   8   8   4   4
  5.67758588044931400418E-01   8   8   5   5
  7.47035157274197003652E-01   8   8   6   6
  7.94748342360987458655E-03   8   8   7   6
  5.46479313514625753001E-01   8   8   7   7
  6.19204842168618263543E-01   8   8   8   8
  6.27685753808695265192E-04   8   8   9   6
  2.46751413137448298574E-02   8   8   9   7
  6.37540805304528057640E-01   8   8   9   9
  5.53599932170075192950E-01   8   8  10  10
  1.32088055818128213836E-01   9   6   1   1
  3.08778850257481335406E-02   9   6   2   1
 -2.45968799483329801647E-02   9   6   2   2
 -7.69146197928993746729E-03   9   6   3   3
 -7.42762936644910005957E-03   9   6   4   1
  1.62091486011058209804E-02   9   6   4   2
  1.28218035801589552714E-02   9   6   4   4
  6.27685753808633682509E-04   9   6   5   5
  1.32072566294079124516E-01   9   6   6   6
  1.30927909231192511619E-02   9   6   7   6
  1.72032466001735794003E-02   9   6   7   7
  6.27685753808656884435E-04   9   6   8   8
  3.98132929888911843430E-02   9   6   9   6
 -1.36872613996522739938E-02   9   6   9   7
 -1.18757687726871695444E-02   9   6   9   9
 -7.69146197928991231380E-03   9   6  10  10
  3.96356911054321359167E-02   9   7   1   1
 -3.68183446525850071110E-03   9   7   2   1
  6.79982211814155329543E-02   9   7   2   2
  3.93815748037034882301E-02   9   7   3   3
  1.14751619895829999607E-02   9   7   4   1
 -2.23967952814847354182E-02   9   7   4   2
 -3.19756360823606824995E-02   9   7   4   4
  2.46751413137444482182E-02   9   7   5   5
  3.96681997047317116967E-02   9   7   6   6
  7.19556745743563184320E-03   9   7   7   6
 -2.38853601625788163065E-02   9   7   7   7
  2.46751413137446459767E-02   9   7   8   8
 -1.36872613996523589952E-02   9   7   9   6
  4.56700146210761853682E-02   9   7   9   7
  3.60797138577422377148E-02   9   7   9   9
  3.93815748037034535356E-02   9   7  10  10
 -1.22340363440552428453E-02   9   8   3   1
  6.72342952959638501254E-02   9   8   3   2
  3.14870042962849721116E-03   9   8   4   3
 -1.38369357823028334836E-02   9   8   8   6
  3.87553471587421191624E-02   9   8   8   7
  5.05860072559117454616E-02   9   8   9   8
  9.27525274136409283443E-01   9   9   1   1
  6.12947960988730142923E-03   9   9   2   1
  7.47682630965482153407E-01   9   9   2   2
  6.36522565150815511359E-01   9   9   3   3
  2.29062115286066646236E-02   9   9   4   1
 -8.49674292252312751694E-02   9   9   4   2
  6.04521213336257634552E-01   9   9   4   4
  6.37540805304526947417E-01   9   9   5   5
  9.27563734930934691292E-01   9   9   6   6
  2.21075695853084827625E-02   9   9   7   6
  5.71868791381417884701E-01   9   9   7   7
  6.37540805304527724573E-01   9   9   8   8
 -1.18757687726872493417E-02   9   9   9   6
  3.60797138577421613870E-02   9   9   9   7
  7.72827730179323824089E-01   9   9   9   9
  6.36522565150814623181E-01   9   9  10  10
  7.05948916660278924518E-01  10  10   1   1
  6.19432143925830293665E-04  10  10   2   1
  6.41644071351084255284E-01  10  10   2   2
  5.54494982474066366862E-01  10  10   3   3
  9.91205769208286860406E-03  10  10   4   1
 -4.78391798422373309974E-02  10  10   4   2
  5.25817618118428753426E-01  10  10   4   4
  6.00408619475941707222E-01  10  10   5   5
  7.05974241919445688609E-01  10  10   6   6
  8.37962305513783797806E-03  10  10   7   6
  5.17384870649242656349E-01  10  10   7   7
  5.53599932170075303972E-01  10  10   8   8
 -7.69146197928993052839E-03  10  10   9   6
  3.93815748037033841467E-02  10  10   9   7
  6.36522565150814512158E-01  10  10   9   9
  6.05281445078877045063E-01  10  10  10  10
  1.44156549126958771767E-02   5   1   5   1
 -1.33161784151809500787E-02   5   1   5   2
 -9.19112128354018266541E-03   5   1   5   4
  1.14413502669005150147E-02   5   1  10   6
 -1.31208372202985344007E-02   5   1  10   7
 -1.06411194411554325956E-02   5   1  10   9
 -1.33161784151809535481E-02   5   2   5   1
  4.13394772312795921732E-02   5   2   5   2
  2.53364271903567042643E-02   5   2   5   4
 -1.10615075862087863107E-02   5   2  10   6
  3.94364193733496709582E-02   5   2  10   7
  3.48106451845492728681E-02   5   2  10   9
  1.87028174571092810352E-02   5   3   5   3
  1.87028174571092983824E-02   5   3  10   8
 -9.19112128354018440013E-03   5   4   5   1
  2.53364271903567112032E-02   5   4   5   2
  4.09445746089416376390E-02   5   4   5   4
 -7.25694120338016973593E-03   5   4  10   6
  4.01968252571565445863E-02   5   4  10   7
  7.66653007603015652222E-03   5   4  10   9
  1.14413502669005098106E-02  10   6   5   1
 -1.10615075862087880454E-02  10   6   5   2
 -7.25694120338016973593E-03  10   6   5   4
  9.09955464882181673525E-03  10   6  10   6
 -1.06666142212429940206E-02  10   6  10   7
 -9.04385744721695854220E-03  10   6  10   9
 -1.31208372202985326660E-02  10   7   5   1
  3.94364193733496570804E-02  10   7   5   2
  4.01968252571565515252E-02  10   7   5   4
 -1.06666142212429922859E-02  10   7  10   6
  4.77547820943100900792E-02  10   7  10   7
  2.46008886604654058994E-02  10   7  10   9
  1.87028174571092949130E-02  10   8   5   3
  1.87028174571092983824E-02  10   8  10   8
 -1.06411194411554291261E-02  10   9   5   1
  3.48106451845492798070E-02  10   9   5   2
  7.66653007603015825694E-03  10   9   5   4
 -9.04385744721695507276E-03  10   9  10   6
  2.46008886604654058994E-02  10   9  10   7
  3.67451011268310756552E-02  10   9  10   9
  1.80028070739440426706E+00   6   1   6   1
  2.08913968803773081317E-01   6   1   6   2
  6.35526397235392365159E-02   6   1   6   4
  1.78596865673225524418E-01   6   1   7   1
  1.51165612553460809719E-01   6   1   7   2
  2.52638766820469651275E-01   6   1   7   4
  2.62577465922375630214E-01   6   1   8   3
  1.53058120766607408392E-01   6   1   9   1
  2.32961080290863375986E-01   6   1   9   2
 -1.81107542599973220243E-01   6   1   9   4
  2.62577465922375463681E-01   6   1  10   5
  2.08913968803773053562E-01   6   2   6   1
  3.40566045213905738143E-02   6   2   6   2
  6.33127253013407269300E-03   6   2   6   4
  2.60951985158181867797E-02   6   2   7   1
  8.79000112928810320434E-03   6   2   7   2
  1.60437595500448199060E-02   6   2   7   4
  1.02795851007848031838E-02   6   2   8   3
  3.01405509264742119124E-02   6   2   9   1
  6.82548072625356865711E-03   6   2   9   2
 -8.21233750627001733713E-03   6   2   9   4
  1.02795851007847893060E-02   6   2  10   5
  9.09955464882182193942E-03   6   3   6   3
 -1.06666142212429992248E-02   6   3   7   3
  1.14413502669005219536E-02   6   3   8   1
 -1.10615075862087932496E-02   6   3   8   2
 -7.25694120338017407273E-03   6   3   8   4
 -9.04385744721696374637E-03   6   3   9   3
  6.35526397235392226381E-02   6   4   6   1
  6.33127253013407529508E-03   6   4   6   2
  1.31669914079151958303E-02   6   4   6   4
  1.44534446821640658737E-02   6   4   7   1
 -1.09319008379145442104E-03   6   4   7   2
 -1.60449707048030514034E-02   6   4   7   4
 -4.91375751279693896018E-03   6   4   8   3
 -6.04665952589258058614E-03   6   4   9   1
  9.49506089706388979599E-03   6   4   9   2
  4.12808661617950888728E-03   6   4   9   4
 -4.91375751279693028656E-03   6   4  10   5
  1.78596865673225579929E-01   7   1   6   1
  2.60951985158181902491E-02   7   1   6   2
  1.44534446821640693431E-02   7   1   6   4
  2.76895853621024826130E-02   7   1   7   1
  4.35164200243955655301E-03   7   1   7   2
 -3.43440971056329074490E-03   7   1   7   4
  1.96139322819855214594E-03   7   1   8   3
  1.37939629895195581960E-02   7   1   9   1
  1.15097908156992084772E-02   7   1   9   2
 -1.39324619868747934075E-03   7   1   9   4
  1.96139322819855518171E-03   7   1  10   5
  1.51165612553460781964E-01   7   2   6   1
  8.79000112928810840851E-03   7   2   6   2
 -1.09319008379145615577E-03   7   2   6   4
  4.35164200243954354258E-03   7   2   7   1
  4.44314265163363308897E-02   7   2   7   2
  8.32355586082754311805E-02   7   2   7   4
  8.34051767919567060838E-02   7   2   8   3
  7.86317676510740054541E-03   7   2   9   1
  5.42244089028060677338E-02   7   2   9   2
 -4.22576127911098511913E-02   7   2   9   4
  8.34051767919566366949E-02   7   2  10   5
 -1.06666142212429974900E-02   7   3   6   3
  4.77547820943101178348E-02   7   3   7   3
 -1.31208372202985378702E-02   7   3   8   1
  3.94364193733497056527E-02   7   3   8   2
  4.01968252571565862197E-02   7   3   8   4
  2.46008886604654058994E-02   7   3   9   3
  2.52638766820469595764E-01   7   4   6   1
  1.60437595500448199060E-02   7   4   6   2
 -1.60449707048030548728E-02   7   4   6   4
 -3.43440971056330505637E-03   7   4   7   1
  8.32355586082754450583E-02   7   4   7   2
  2.34339804477925489623E-01   7   4   7   4
  1.57977093278184904657E-01   7   4   8   3
  2.74247774708702811430E-02   7   4   9   1
  6.66188140988028115741E-02   7   4   9   2
 -1.20694737393263792913E-01   7   4   9   4
  1.57977093278184710368E-01   7   4  10   5
  1.14413502669005219536E-02   8   1   6   3
 -1.31208372202985378702E-02   8   1   7   3
  1.44156549126958945239E-02   8   1   8   1
 -1.33161784151809622218E-02   8   1   8   2
 -9.19112128354019133902E-03   8   1   8   4
 -1.06411194411554395345E-02   8   1   9   3
 -1.10615075862087897801E-02   8   2   6   3
  3.94364193733497056527E-02   8   2   7   3
 -1.33161784151809639565E-02   8   2   8   1
  4.13394772312796407454E-02   8   2   8   2
  2.53364271903567354893E-02   8   2   8   4
  3.48106451845493075625E-02   8   2   9   3
  2.62577465922375630214E-01   8   3   6   1
  1.02795851007847979797E-02   8   3   6   2
 -4.91375751279694242962E-03   8   3   6   4
  1.96139322819856298796E-03   8   3   7   1
  8.34051767919567338394E-02   8   3   7   2
  1.57977093278184932412E-01   8   3   7   4
  1.78510043783800392836E-01   8   3   8   3
  1.05309070718733310129E-02   8   3   9   1
  1.02602384076832753301E-01   8   3   9   2
 -8.11005948483387861803E-02   8   3   9   4
  1.41104408869581338104E-01   8   3  10   5
 -7.25694120338017407273E-03   8   4   6   3
  4.01968252571565862197E-02   8   4   7   3
 -9.19112128354019133902E-03   8   4   8   1
  2.53364271903567354893E-02   8   4   8   2
  4.09445746089416792723E-02   8   4   8   4
  7.66653007603018427779E-03   8   4   9   3
  1.53058120766607408392E-01   9   1   6   1
  3.01405509264742188513E-02   9   1   6   2
 -6.04665952589257451461E-03   9   1   6   4
  1.37939629895195373793E-02   9   1   7   1
  7.86317676510741789264E-03   9   1   7   2
  2.74247774708702984903E-02   9   1   7   4
  1.05309070718733015226E-02   9   1   8   3
  3.84174090756689845527E-02   9   1   9   1
 -4.03527842773865070419E-03   9   1   9   2
 -1.08170591543099488957E-02   9   1   9   4
  1.05309070718733258087E-02   9   1  10   5
  2.32961080290863320474E-01   9   2   6   1
  6.82548072625355824877E-03   9   2   6   2
  9.49506089706388806126E-03   9   2   6   4
  1.15097908156991963341E-02   9   2   7   1
  5.42244089028060607949E-02   9   2   7   2
  6.66188140988028254519E-02   9   2   7   4
  1.02602384076832739424E-01   9   2   8   3
 -4.03527842773864029585E-03   9   2   9   1
  1.05844417346956737314E-01   9   2   9   2
 -5.48480869058201730981E-02   9   2   9   4
  1.02602384076832697790E-01   9   2  10   5
 -9.04385744721696548110E-03   9   3   6   3
  2.46008886604654197772E-02   9   3   7   3
 -1.06411194411554360650E-02   9   3   8   1
  3.48106451845493283792E-02   9   3   8   2
  7.66653007603019208405E-03   9   3   8   4
  3.67451011268311519831E-02   9   3   9   3
 -1.81107542599973192488E-01   9   4   6   1
 -8.21233750626999825517E-03   9   4   6   2
  4.12808661617950888728E-03   9   4   6   4
 -1.39324619868748606280E-03   9   4   7   1
 -4.22576127911098650691E-02   9   4   7   2
 -1.20694737393263765157E-01   9   4   7   4
 -8.11005948483388139358E-02   9   4   8   3
 -1.08170591543099679777E-02   9   4   9   1
 -5.48480869058202286093E-02   9   4   9   2
  8.28888749399425001085E-02   9   4   9   4
 -8.11005948483388833248E-02   9   4  10   5
  2.62577465922375463681E-01  10   5   6   1
  1.02795851007847841019E-02  10   5   6   2
 -4.91375751279693028656E-03  10   5   6   4
  1.96139322819855474803E-03  10   5   7   1
  8.34051767919566228171E-02  10   5   7   2
  1.57977093278184738123E-01  10   5   7   4
  1.41104408869581310348E-01  10   5   8   3
  1.05309070718733396865E-02  10   5   9   1
  1.02602384076832711668E-01  10   5   9   2
 -8.11005948483388694470E-02  10   5   9   4
  1.78510043783800226302E-01  10   5  10   5
  1.52357600729010212587E-02   6   5   6   5
 -1.89107195407942942078E-02   6   5   7   5
 -1.38369357823028369531E-02   6   5   9   5
  1.22106368842558390964E-02   6   5  10   1
 -2.00733235932787044964E-02   6   5  10   2
 -6.51104670952934450057E-03   6   5  10   4
 -1.89107195407942942078E-02   7   5   6   5
  8.26683305281219055205E-02   7   5   7   5
  3.87553471587420567124E-02   7   5   9   5
 -1.57030805129844755474E-02   7   5  10   1
  7.40488023939954720376E-02   7   5  10   2
  3.96373431696512221190E-02   7   5  10   4
  2.57231270618429666563E-02   8   5   8   5
  2.34043436529331495832E-02   8   5  10   3
 -1.38369357823028317489E-02   9   5   6   5
  3.87553471587420497735E-02   9   5   7   5
  5.05860072559115789281E-02   9   5   9   5
 -1.22340363440552289676E-02   9   5  10   1
  6.72342952959638362476E-02   9   5  10   2
  3.14870042962850068061E-03   9   5  10   4
  1.22106368842558373616E-02  10   1   6   5
 -1.57030805129844790169E-02  10   1   7   5
 -1.22340363440552324370E-02  10   1   9   5
  9.83562265166653890147E-03  10   1  10   1
 -1.78195569195560843401E-02  10   1  10   2
 -4.91580740482083951293E-03  10   1  10   4
 -2.00733235932787010269E-02  10   2   6   5
  7.40488023939954581598E-02  10   2   7   5
  6.72342952959637946142E-02  10   2   9   5
 -1.78195569195560843401E-02  10   2  10   1
  1.12163938900584750358E-01  10   2  10   2
  1.57696583610890013472E-02  10   2  10   4
  2.34043436529331426443E-02  10   3   8   5
  2.53932313024053425699E-02  10   3  10   3
 -6.51104670952934450057E-03  10   4   6   5
  3.96373431696512082412E-02  10   4   7   5
  3.14870042962850154797E-03  10   4   9   5
 -4.91580740482083951293E-03  10   4  10   1
  1.57696583610890048166E-02  10   4  10   2
  2.83957058437750431423E-02  10   4  10   4
 -2.78857388608918199679E+01   1   1   0   0
 -4.76287045365521188867E-01   2   1   0   0
 -9.98487486782591027179E+00   2   2   0   0
 -8.32128204931047932291E+00   3   3   0   0
 -2.73051955854320016481E-01   4   1   0   0
  7.55236234807276862746E-01   4   2   0   0
 -7.93468742430420892475E+00   4   4   0   0
 -8.00254899121997276268E+00   5   5   0   0
 -2.78850335369382591466E+01   6   6   0   0
 -5.00320518397995295246E-01   7   6   0   0
 -7.79516779949662375060E+00   7   7   0   0
 -8.00254899121998164446E+00   8   8   0   0
 -2.23219629805087249608E-01   9   6   0   0
 -3.54675688127676524974E-01   9   7   0   0
 -8.33274417759444041565E+00   9   9   0   0
 -8.32128204931047577020E+00  10  10   0   0
 -1.55593028200514513770E+01   1   0   0   0
 -1.54014813906501890628E+00   2   0   0   0
 -6.46114037327744861194E-01   3   0   0   0
 -5.64964193347993082206E-01   4   0   0   0
  3.29360876332450702719E-01   5   0   0   0
 -1.55544641809995738413E+01   6   0   0   0
 -7.10041778971756687433E-01   7   0   0   0
  3.29360876332447483072E-01   8   0   0   0
  1.38554516128317617429E+00   9   0   0   0
 -6.46114037327742529726E-01  10   0   0   0
  2.59296833228300016572E+01   0   0   0   0
