&FCI NORB=7, NELEC=10, MS2=0, UHF=.FALSE., ORBSYM=1,1,1,1,1,1,1, ISYM=1, &END
  4.74441397269681175430E+00   1   1   1   1
  4.17297130001350491391E-01   1   1   2   1
  1.00481108083943593279E+00   1   1   2   2
  2.86935717455565921213E-04   1   1   3   1
  9.82234961912444352015E-05   1   1   3   2
  7.96475609149181251745E-01   1   1   3   3
  1.77832859794130992981E-01   1   1   4   1
  1.24424274448805410875E-01   1   1   4   2
  3.04866057147187906155E-04   1   1   4   3
  1.00697879270957901809E+00   1   1   4   4
  1.11533511433896026510E+00   1   1   5   5
  2.42053638195263792765E-01   1   1   6   1
  3.08716548983613447987E-01   1   1   6   2
  1.35651172156277212075E-03   1   1   6   3
 -2.13798500346596198618E-01   1   1   6   4
  7.92257189928002758528E-01   1   1   6   6
 -9.71730166687112539847E-04   1   1   7   1
 -1.33963794455466134181E-03   1   1   7   2
  3.64442489093043220372E-01   1   1   7   3
  4.79930446702719892826E-04   1   1   7   4
  1.85066844844497535583E-04   1   1   7   6
  8.76779509125422573668E-01   1   1   7   7
  4.17297130001350324857E-01   2   1   1   1
  5.83057742561263886438E-02   2   1   2   1
  1.31710439364794429373E-02   2   1   2   2
  3.25217374951915260198E-05   2   1   3   1
  1.82990284100537509973E-05   2   1   3   2
  4.40865277714761524125E-03   2   1   3   3
  2.18095630119218460152E-02   2   1   4   1
  8.96206912325834409438E-03   2   1   4   2
  1.24805325833506431733E-05   2   1   4   3
  1.35208852784779419431E-02   2   1   4   4
  1.17198258617851550772E-02   2   1   5   5
  3.62155376670875717160E-02   2   1   6   1
  6.91457435675733953634E-03   2   1   6   2
  2.83693306351205351871E-05   2   1   6   3
 -1.99948165626960550068E-03   2   1   6   4
  6.95230120773228116998E-03   2   1   6   6
 -1.52551644731071384120E-04   2   1   7   1
 -2.55184654535180492282E-05   2   1   7   2
  7.48142957796902804968E-03   2   1   7   3
  6.30909625797091040689E-06   2   1   7   4
  1.10244777424226567467E-05   2   1   7   6
  9.68447542862978412448E-03   2   1   7   7
  1.00481108083943571074E+00   2   2   1   1
  1.31710439364793301803E-02   2   2   2   1
  7.26172990996916012385E-01   2   2   2   2
  3.43096058310101209772E-05   2   2   3   1
 -1.65220082881730660589E-04   2   2   3   2
  6.42813626732379073125E-01   2   2   3   3
  1.55968811427682277349E-02   2   2   4   1
 -3.54304314042171034430E-03   2   2   4   2
  1.10804490916025893650E-04   2   2   4   3
  6.79541109125081255193E-01   2   2   4   4
  7.47562264239906681951E-01   2   2   5   5
  1.54057642878647409017E-03   2   2   6   1
  1.41557524194805883777E-01   2   2   6   2
  6.18918194357743860212E-04   2   2   6   3
 -9.50341316520281198521E-02   2   2   6   4
  6.08569584156592235935E-01   2   2   6   6
  1.59096374604469903424E-05   2   2   7   1
 -6.07791489058706613235E-04   2   2   7   2
  1.41313126321399251673E-01   2   2   7   3
  1.32760260296876930752E-04   2   2   7   4
 -9.71084109333691936072E-05   2   2   7   6
  6.25328146007789964500E-01   2   2   7   7
  2.86935717455599531480E-04   3   1   1   1
  3.25217374951923595002E-05   3   1   2   1
  3.43096058310189978824E-05   3   1   2   2
  1.08118044853122968058E-02   3   1   3   1
 -1.76235378161062189450E-02   3   1   3   2
 -1.30618450894591973211E-05   3   1   3   3
  2.20232162974031237749E-05   3   1   4   1
  1.16185328464718038628E-07   3   1   4   2
 -3.17136515427935859399E-03   3   1   4   3
  3.17697942026127781862E-07   3   1   4   4
  7.95177927945029091651E-06   3   1   5   5
  6.74215726851553508918E-05   3   1   6   1
 -3.61885268604907950948E-05   3   1   6   2
 -2.92238252286205080904E-03   3   1   6   3
 -3.29624007734078284387E-05   3   1   6   4
 -4.93467883213490472434E-05   3   1   6   6
  1.53836686741020949726E-02   3   1   7   1
 -1.39416595978582458920E-02   3   1   7   2
  1.92334398957296620614E-06   3   1   7   3
 -9.34047507312457322981E-03   3   1   7   4
 -9.41660745920473718495E-03   3   1   7   6
  7.94087817538374415860E-05   3   1   7   7
  9.82234961912301779430E-05   3   2   1   1
  1.82990284100600563105E-05   3   2   2   1
 -1.65220082881780073103E-04   3   2   2   2
 -1.76235378161062120062E-02   3   2   3   1
  1.45055986936910213947E-01   3   2   3   2
  8.95355277881325773825E-05   3   2   3   3
 -2.44311067124218431174E-06   3   2   4   1
  2.13240439270503562036E-05   3   2   4   2
 -2.07212679143690438333E-02   3   2   4   3
  1.00006672861033672653E-04   3   2   4   4
  4.67885149219129698080E-05   3   2   5   5
 -6.64172899596322168034E-05   3   2   6   1
  2.07595719431026722295E-04   3   2   6   2
 -4.36899392293027682976E-02   3   2   6   3
  2.57063058464076436664E-04   3   2   6   4
  6.46855219987137013138E-04   3   2   6   6
 -2.34020745457525561339E-02   3   2   7   1
  4.13768497052360018085E-02   3   2   7   2
  2.58718588914463865081E-04   3   2   7   3
  7.52673195441470460620E-02   3   2   7   4
  1.00805212634102636660E-01   3   2   7   6
 -7.39331682499077408321E-04   3   2   7   7
  7.96475609149181140722E-01   3   3   1   1
  4.40865277714755886274E-03   3   3   2   1
  6.42813626732379073125E-01   3   3   2   2
 -1.30618450894626820147E-05   3   3   3   1
  8.95355277881537870875E-05   3   3   3   2
  6.31415703373026215850E-01   3   3   3   3
  6.25105863039258653063E-03   3   3   4   1
 -7.01778304517588005784E-03   3   3   4   2
  4.64292650665481434059E-05   3   3   4   3
  5.98787048217388928606E-01   3   3   4   4
  6.27267715825275185004E-01   3   3   5   5
  8.29087453975953453736E-05   3   3   6   1
  7.33580316579925950649E-02   3   3   6   2
  3.46928272578108070744E-04   3   3   6   3
 -4.20256591527542883169E-02   3   3   6   4
  5.68956499327389786380E-01   3   3   6   6
 -2.74979742221626022314E-05   3   3   7   1
 -2.35353967093232530061E-04   3   3   7   2
  9.11539449264983647758E-02   3   3   7   3
  1.66445366273276773583E-04   3   3   7   4
  1.83429526891154548451E-04   3   3   7   6
  6.10680900991060315874E-01   3   3   7   7
  1.77832859794130965225E-01   4   1   1   1
  2.18095630119218564236E-02   4   1   2   1
  1.55968811427682884502E-02   4   1   2   2
  2.20232162974028154549E-05   4   1   3   1
 -2.44311067124425488378E-06   4   1   3   2
  6.25105863039262816400E-03   4   1   3   3
  2.76731037301820234631E-02   4   1   4   1
 -1.97683220340307587437E-02   4   1   4   2
 -1.73709995331420297420E-05   4   1   4   3
 -1.16577515781188731370E-02   4   1   4   4
  4.94375526962908661693E-03   4   1   5   5
  6.15619689724764473579E-04   4   1   6   1
  1.83991292191275496171E-02   4   1   6   2
  6.60077486033608175521E-06   4   1   6   3
 -3.27734252840610265634E-03   4   1   6   4
  2.10963807872681478883E-02   4   1   6   6
 -1.53559563072875812639E-05   4   1   7   1
 -5.70891190549809024457E-05   4   1   7   2
 -7.74059293483851922762E-04   4   1   7   3
  1.96125772860232527872E-05   4   1   7   4
 -6.03065589817007585705E-05   4   1   7   6
  3.97314255421760131881E-03   4   1   7   7
  1.24424274448805272097E-01   4   2   1   1
  8.96206912325833715549E-03   4   2   2   1
 -3.54304314042168475712E-03   4   2   2   2
  1.16185328456550629313E-07   4   2   3   1
  2.13240439271009715044E-05   4   2   3   2
 -7.01778304517591388495E-03   4   2   3   3
 -1.97683220340307622132E-02   4   2   4   1
  1.24979663333140658676E-01   4   2   4   2
  1.27126289702167503785E-04   4   2   4   3
  1.04982916585233315709E-01   4   2   4   4
  6.66636132544719817172E-02   4   2   5   5
  1.99592687127713996897E-02   4   2   6   1
 -2.16471149263626760906E-02   4   2   6   2
  2.42980632010514054032E-04   4   2   6   3
 -2.53071001672661340109E-02   4   2   6   4
 -5.98057212109486188711E-02   4   2   6   6
 -5.93218509863666434989E-05   4   2   7   1
 -1.84160984256220849886E-05   4   2   7   2
  7.31262194511198976299E-02   4   2   7   3
 -7.98301436959192312059E-06   4   2   7   4
  2.36558142786204295138E-04   4   2   7   6
  1.54671897121529088037E-02   4   2   7   7
  3.04866057147140038629E-04   4   3   1   1
  1.24805325833554119687E-05   4   3   2   1
  1.10804490916046927173E-04   4   3   2   2
 -3.17136515427935252245E-03   4   3   3   1
 -2.07212679143690611805E-02   4   3   3   2
  4.64292650665630579621E-05   4   3   3   3
 -1.73709995331370085307E-05   4   3   4   1
  1.27126289702184552865E-04   4   3   4   2
  4.62991501138652755687E-02   4   3   4   3
  1.80642313467477868801E-04   4   3   4   4
  1.71598932672939252309E-04   4   3   5   5
  5.23133814683802590554E-06   4   3   6   1
  1.19985458574344103656E-04   4   3   6   2
  2.90396195502754563000E-02   4   3   6   3
 -9.15281662358473347123E-05   4   3   6   4
 -3.39607827325294877110E-04   4   3   6   6
 -4.68083179297706063193E-03   4   3   7   1
  3.25329322111884144952E-02   4   3   7   2
  4.21644371063137346489E-05   4   3   7   3
  3.10908352175364582903E-03   4   3   7   4
 -4.73300489383610967220E-02   4   3   7   6
  3.69243883886774537650E-04   4   3   7   7
  1.00697879270957857401E+00   4   4   1   1
  1.35208852784778066347E-02   4   4   2   1
  6.79541109125081477238E-01   4   4   2   2
  3.17697942033868551270E-07   4   4   3   1
  1.00006672861028129669E-04   4   4   3   2
  5.98787048217389039628E-01   4   4   3   3
 -1.16577515781189269134E-02   4   4   4   1
  1.04982916585233426732E-01   4   4   4   2
  1.80642313467490716597E-04   4   4   4   3
  7.89597224587050394717E-01   4   4   4   4
  7.32370903345387125327E-01   4   4   5   5
  1.87947333151551286556E-02   4   4   6   1
  9.17954134557244783021E-02   4   4   6   2
  5.49451966917138758147E-04   4   4   6   3
 -1.17834975250317386397E-01   4   4   6   4
  5.45758743672149160275E-01   4   4   6   6
 -6.54430087873650312424E-05   4   4   7   1
 -4.58458292513452825290E-04   4   4   7   2
  1.63440592073118728944E-01   4   4   7   3
  2.73612641723139371486E-04   4   4   7   4
  2.58253635267463588221E-04   4   4   7   6
  6.11695826873352999087E-01   4   4   7   7
  2.60479117204488394566E-02   5   1   5   1
 -3.25149188916857984077E-02   5   1   5   2
 -2.19590111069159759239E-05   5   1   5   3
 -1.30298450113664216615E-02   5   1   5   4
 -1.60460802992733811423E-02   5   1   6   5
  6.39410763471470050545E-05   5   1   7   5
 -3.25149188916857914688E-02   5   2   5   1
  1.44795670062721093529E-01   5   2   5   2
  7.33090553954334107640E-05   5   2   5   3
  4.54766124846182201447E-02   5   2   5   4
  6.00903451670818794517E-02   5   2   6   5
 -2.43354868774435517675E-04   5   2   7   5
 -2.19590111069162266457E-05   5   3   5   1
  7.33090553954355249582E-05   5   3   5   2
  2.86427064777194616274E-02   5   3   5   3
  4.38617592593057691866E-05   5   3   5   4
  1.15373131448609980297E-04   5   3   6   5
  2.37855100569953903378E-02   5   3   7   5
 -1.30298450113664216615E-02   5   4   5   1
  4.54766124846182270836E-02   5   4   5   2
  4.38617592593068669413E-05   5   4   5   3
  5.53594017233757298979E-02   5   4   5   4
  1.92089074112118153581E-03   5   4   6   5
 -3.08071254848003850402E-05   5   4   7   5
  1.11533511433896026510E+00   5   5   1   1
  1.17198258617851550772E-02   5   5   2   1
  7.47562264239906681951E-01   5   5   2   2
  7.95177927945029091651E-06   5   5   3   1
  4.67885149219129698080E-05   5   5   3   2
  6.27267715825275185004E-01   5   5   3   3
  4.94375526962908661693E-03   5   5   4   1
  6.66636132544719817172E-02   5   5   4   2
  1.71598932672939252309E-04   5   5   4   3
  7.32370903345387125327E-01   5   5   4   4
  8.80159093375045831209E-01   5   5   5   5
  6.33070449576827749133E-03   5   5   6   1
  1.58888323466058856148E-01   5   5   6   2
  7.42150898884551659188E-04   5   5   6   3
 -1.13186755558416354828E-01   5   5   6   4
  5.84520624748529171733E-01   5   5   6   6
 -2.44459399851154612904E-05   5   5   7   1
 -6.72462028330489403061E-04   5   5   7   2
  1.90943574338467897400E-01   5   5   7   3
  2.37056212910924379855E-04   5   5   7   4
  9.56288046805586766652E-05   5   5   7   6
  6.27940456384313838711E-01   5   5   7   7
  2.42053638195263737254E-01   6   1   1   1
  3.62155376670875855938E-02   6   1   2   1
  1.54057642878654369595E-03   6   1   2   2
  6.74215726851569365375E-05   6   1   3   1
 -6.64172899596393996428E-05   6   1   3   2
  8.29087453976535670302E-05   6   1   3   3
  6.15619689724758510467E-04   6   1   4   1
  1.99592687127713962203E-02   6   1   4   2
  5.23133814682037458595E-06   6   1   4   3
  1.87947333151551945751E-02   6   1   4   4
  6.33070449576827749133E-03   6   1   5   5
  3.10990994181868894708E-02   6   1   6   1
 -5.93294876532911037020E-03   6   1   6   2
  7.15057637764649615307E-06   6   1   6   3
  4.80083139722142402620E-04   6   1   6   4
 -7.81390484372412874592E-03   6   1   6   6
 -4.59095824512948877394E-05   6   1   7   1
 -5.11594323091158625916E-05   6   1   7   2
  6.83406472633346379758E-03   6   1   7   3
 -5.35872959654447658662E-05   6   1   7   4
  2.62811563184932664439E-06   6   1   7   6
  5.49538585968502475698E-03   6   1   7   7
  3.08716548983613503498E-01   6   2   1   1
  6.91457435675727882102E-03   6   2   2   1
  1.41557524194805939288E-01   6   2   2   2
 -3.61885268604933632987E-05   6   2   3   1
  2.07595719431057513637E-04   6   2   3   2
  7.33580316579925950649E-02   6   2   3   3
  1.83991292191275149226E-02   6   2   4   1
 -2.16471149263626552739E-02   6   2   4   2
  1.19985458574351083207E-04   6   2   4   3
  9.17954134557242423798E-02   6   2   4   4
  1.58888323466058856148E-01   6   2   5   5
 -5.93294876532915287093E-03   6   2   6   1
  1.01006594904318444672E-01   6   2   6   2
  3.81935872467112683647E-04   6   2   6   3
 -6.20817279950676217948E-02   6   2   6   4
  9.31284195592631258709E-02   6   2   6   6
 -4.95293670594327412049E-05   6   2   7   1
 -1.84924571320320418888E-04   6   2   7   2
  7.75915114016274831688E-02   6   2   7   3
  2.58825436117724252960E-04   6   2   7   4
 -7.25984361823681090264E-05   6   2   7   6
  6.97684928831516920633E-02   6   2   7   7
  1.35651172156285321907E-03   6   3   1   1
  2.83693306351273114507E-05   6   3   2   1
  6.18918194357731500307E-04   6   3   2   2
 -2.92238252286205124272E-03   6   3   3   1
 -4.36899392293027405421E-02   6   3   3   2
  3.46928272578118804346E-04   6   3   3   3
  6.60077486033791473451E-06   6   3   4   1
  2.42980632010551404797E-04   6   3   4   2
  2.90396195502754667084E-02   6   3   4   3
  5.49451966917205761841E-04   6   3   4   4
  7.42150898884551659188E-04   6   3   5   5
  7.15057637764855783127E-06   6   3   6   1
  3.81935872467181855745E-04   6   3   6   2
  7.42299839053563587088E-02   6   3   6   3
 -4.79370274738173359538E-04   6   3   6   4
 -2.84442126722004944538E-04   6   3   6   6
 -3.65547852142916350135E-03   6   3   7   1
  3.49943810857482467958E-02   6   3   7   2
  3.02284699311192173177E-04   6   3   7   3
 -4.48506712674703530985E-02   6   3   7   4
 -6.81398762225096377154E-02   6   3   7   6
  8.50016492007783786011E-04   6   3   7   7
 -2.13798500346596365151E-01   6   4   1   1
 -1.99948165626963238889E-03   6   4   2   1
 -9.50341316520282031188E-02   6   4   2   2
 -3.29624007734162445581E-05   6   4   3   1
  2.57063058464113082698E-04   6   4   3   2
 -4.20256591527544062781E-02   6   4   3   3
 -3.27734252840611046259E-03   6   4   4   1
 -2.53071001672661860527E-02   6   4   4   2
 -9.15281662358188337477E-05   6   4   4   3
 -1.17834975250317428030E-01   6   4   4   4
 -1.13186755558416354828E-01   6   4   5   5
  4.80083139722122453300E-04   6   4   6   1
 -6.20817279950677328171E-02   6   4   6   2
 -4.79370274738111343173E-04   6   4   6   3
  6.54274186966995741077E-02   6   4   6   4
 -4.40126193453740446881E-02   6   4   6   6
 -4.38260295893624918229E-05   6   4   7   1
  2.96560923613738841587E-04   6   4   7   2
 -7.53471162359163476596E-02   6   4   7   3
  9.36511866533248915623E-05   6   4   7   4
  2.67383957834474439430E-04   6   4   7   6
 -4.19237720380592135405E-02   6   4   7   7
 -1.60460802992733811423E-02   6   5   5   1
  6.00903451670818794517E-02   6   5   5   2
  1.15373131448613151589E-04   6   5   5   3
  1.92089074112118066845E-03   6   5   5   4
  3.87674869582303044391E-02   6   5   6   5
 -5.53494112365097989947E-05   6   5   7   5
  7.92257189928002980572E-01   6   6   1   1
  6.95230120773232106862E-03   6   6   2   1
  6.08569584156592346957E-01   6   6   2   2
 -4.93467883213511953190E-05   6   6   3   1
  6.46855219987164118192E-04   6   6   3   2
  5.68956499327390008425E-01   6   6   3   3
  2.10963807872681652356E-02   6   6   4   1
 -5.98057212109484800933E-02   6   6   4   2
 -3.39607827325286257703E-04   6   6   4   3
  5.45758743672149160275E-01   6   6   4   4
  5.84520624748529171733E-01   6   6   5   5
 -7.81390484372409578617E-03   6   6   6   1
  9.31284195592632368932E-02   6   6   6   2
 -2.84442126722071677181E-04   6   6   6   3
 -4.40126193453739406047E-02   6   6   6   4
  5.92382072299246109637E-01   6   6   6   6
 -6.37890634008903001373E-05   6   6   7   1
 -3.95302431181354663181E-04   6   6   7   2
  3.77202247091594222717E-02   6   6   7   3
  5.14182568537441264667E-04   6   6   7   4
  6.89900430469375658404E-04   6   6   7   6
  5.64182332865641567032E-01   6   6   7   7
 -9.71730166687146909056E-04   7   1   1   1
 -1.52551644731069730712E-04   7   1   2   1
  1.59096374604273967763E-05   7   1   2   2
  1.53836686741020967073E-02   7   1   3   1
 -2.34020745457525700117E-02   7   1   3   2
 -2.74979742221674642005E-05   7   1   3   3
 -1.53559563072857787778E-05   7   1   4   1
 -5.93218509863714139885E-05   7   1   4   2
 -4.68083179297705542776E-03   7   1   4   3
 -6.54430087873473587470E-05   7   1   4   4
 -2.44459399851154612904E-05   7   1   5   5
 -4.59095824512862208983E-05   7   1   6   1
 -4.95293670594463343896E-05   7   1   6   2
 -3.65547852142917217497E-03   7   1   6   3
 -4.38260295893762273091E-05   7   1   6   4
 -6.37890634008963581169E-05   7   1   6   6
  2.19491140525908227932E-02   7   1   7   1
 -1.87624309198872983584E-02   7   1   7   2
 -2.75250709790772485341E-05   7   1   7   3
 -1.30701635010876272142E-02   7   1   7   4
 -1.27518814477804130758E-02   7   1   7   6
  7.68302300633012628939E-05   7   1   7   7
 -1.33963794455459737388E-03   7   2   1   1
 -2.55184654535166567061E-05   7   2   2   1
 -6.07791489058613697109E-04   7   2   2   2
 -1.39416595978582406878E-02   7   2   3   1
  4.13768497052360087474E-02   7   2   3   2
 -2.35353967093164631900E-04   7   2   3   3
 -5.70891190549787611464E-05   7   2   4   1
 -1.84160984255971212336E-05   7   2   4   2
  3.25329322111883936786E-02   7   2   4   3
 -4.58458292513460685755E-04   7   2   4   4
 -6.72462028330489403061E-04   7   2   5   5
 -5.11594323091152323991E-05   7   2   6   1
 -1.84924571320242546067E-04   7   2   6   2
  3.49943810857482537346E-02   7   2   6   3
  2.96560923613786275432E-04   7   2   6   4
 -3.95302431181325118672E-04   7   2   6   6
 -1.87624309198872914195E-02   7   2   7   1
  6.22136980601980180139E-02   7   2   7   2
 -4.38995191471072687683E-04   7   2   7   3
  1.71732793072676796775E-02   7   2   7   4
 -8.34691976145007959176E-03   7   2   7   6
 -2.65013034640076972082E-04   7   2   7   7
  3.64442489093043164861E-01   7   3   1   1
  7.48142957796894998712E-03   7   3   2   1
  1.41313126321399196161E-01   7   3   2   2
  1.92334398957302931009E-06   7   3   3   1
  2.58718588914457630918E-04   7   3   3   2
  9.11539449264983647758E-02   7   3   3   3
 -7.74059293483892146663E-04   7   3   4   1
  7.31262194511199392633E-02   7   3   4   2
  4.21644371062939208542E-05   7   3   4   3
  1.63440592073118784455E-01   7   3   4   4
  1.90943574338467897400E-01   7   3   5   5
  6.83406472633340394962E-03   7   3   6   1
  7.75915114016275525577E-02   7   3   6   2
  3.02284699311160460263E-04   7   3   6   3
 -7.53471162359163337818E-02   7   3   6   4
  3.77202247091594222717E-02   7   3   6   6
 -2.75250709790737790872E-05   7   3   7   1
 -4.38995191471079626577E-04   7   3   7   2
  1.51000881105338324861E-01   7   3   7   3
  3.46114547645728909409E-04   7   3   7   4
  4.34523710496952098037E-04   7   3   7   6
  9.77195016441650687877E-02   7   3   7   7
  4.79930446702668067963E-04   7   4   1   1
  6.30909625798204550201E-06   7   4   2   1
  1.32760260296925774060E-04   7   4   2   2
 -9.34047507312456976036E-03   7   4   3   1
  7.52673195441470321843E-02   7   4   3   2
  1.66445366273348629082E-04   7   4   3   3
  1.96125772860318586420E-05   7   4   4   1
 -7.98301436959822165759E-06   7   4   4   2
  3.10908352175362327763E-03   7   4   4   3
  2.73612641723193581594E-04   7   4   4   4
  2.37056212910924379855E-04   7   4   5   5
 -5.35872959654337747666E-05   7   4   6   1
  2.58825436117783613029E-04   7   4   6   2
 -4.48506712674703253430E-02   7   4   6   3
  9.36511866533615918058E-05   7   4   6   4
  5.14182568537371225206E-04   7   4   6   6
 -1.30701635010876254794E-02   7   4   7   1
  1.71732793072677698831E-02   7   4   7   2
  3.46114547645742787196E-04   7   4   7   3
  6.69441616279811690937E-02   7   4   7   4
  5.71638988077588089398E-02   7   4   7   6
 -3.36105603322714441283E-04   7   4   7   7
  6.39410763471504338439E-05   7   5   5   1
 -2.43354868774434948469E-04   7   5   5   2
  2.37855100569953938072E-02   7   5   5   3
 -3.08071254847977965075E-05   7   5   5   4
 -5.53494112365050488340E-05   7   5   6   5
  2.47008264425634949113E-02   7   5   7   5
  1.85066844844578769430E-04   7   6   1   1
  1.10244777424130717218E-05   7   6   2   1
 -9.71084109334251519919E-05   7   6   2   2
 -9.41660745920474585857E-03   7   6   3   1
  1.00805212634102650537E-01   7   6   3   2
  1.83429526891003302248E-04   7   6   3   3
 -6.03065589817052512332E-05   7   6   4   1
  2.36558142786139270113E-04   7   6   4   2
 -4.73300489383611383554E-02   7   6   4   3
  2.58253635267451445157E-04   7   6   4   4
  9.56288046805586766652E-05   7   6   5   5
  2.62811563184033369559E-06   7   6   6   1
 -7.25984361825306173796E-05   7   6   6   2
 -6.81398762225097209821E-02   7   6   6   3
  2.67383957834552881457E-04   7   6   6   4
  6.89900430469283067539E-04   7   6   6   6
 -1.27518814477803922591E-02   7   6   7   1
 -8.34691976145005010146E-03   7   6   7   2
  4.34523710497042303658E-04   7   6   7   3
  5.71638988077587673065E-02   7   6   7   4
  1.17803060269388137904E-01   7   6   7   6
 -6.46976710455299253155E-04   7   6   7   7
  8.76779509125422795712E-01   7   7   1   1
  9.68447542862981708423E-03   7   7   2   1
  6.25328146007790075522E-01   7   7   2   2
  7.94087817538249461560E-05   7   7   3   1
 -7.39331682499074589396E-04   7   7   3   2
  6.10680900991060315874E-01   7   7   3   3
  3.97314255421761432924E-03   7   7   4   1
  1.54671897121529747232E-02   7   7   4   2
  3.69243883886784295470E-04   7   7   4   3
  6.11695826873352777042E-01   7   7   4   4
  6.27940456384313838711E-01   7   7   5   5
  5.49538585968502562434E-03   7   7   6   1
  6.97684928831518585968E-02   7   7   6   2
  8.50016492007748007340E-04   7   7   6   3
 -4.19237720380591996627E-02   7   7   6   4
  5.64182332865641789077E-01   7   7   6   6
  7.68302300633225132565E-05   7   7   7   1
 -2.65013034640104727657E-04   7   7   7   2
  9.77195016441650965433E-02   7   7   7   3
 -3.36105603322756074647E-04   7   7   7   4
 -6.46976710455299253155E-04   7   7   7   6
  6.21732645070284251076E-01   7   7   7   7
 -3.27031493533985582189E+01   1   1   0   0
 -5.59654075024129449289E-01   2   1   0   0
 -7.66475585760194011442E+00   2   2   0   0
 -3.80048280802684074198E-04   3   1   0   0
 -1.81393751482931915369E-04   3   2   0   0
 -6.35664032380592392002E+00   3   3   0   0
 -2.26986738615197303215E-01   4   1   0   0
 -4.23014757829917431575E-01   4   2   0   0
 -1.31441248889762598781E-03   4   3   0   0
 -7.01165904498249226151E+00   4   4   0   0
 -7.45762258717780035511E+00   5   5   0   0
 -3.10872165186266535830E-01   6   1   0   0
 -1.37977963797447089611E+00   6   2   0   0
 -6.58226063348673218895E-03   6   3   0   0
  1.05587699214449748375E+00   6   4   0   0
 -5.29373998625372266247E+00   6   6   0   0
  1.23459559254723849619E-03   7   1   0   0
  5.87451910777492258831E-03   7   2   0   0
 -1.72781068475158150477E+00   7   3   0   0
 -2.32845762396660660443E-03   7   4   0   0
 -1.14071694796313849452E-03   7   6   0   0
 -5.62084293173790516818E+00   7   7   0   0
 -2.02345315051860197286E+01   1   0   0   0
 -1.26225956462608746023E+00   2   0   0   0
 -6.25333458780462758675E-01   3   0   0   0
 -4.40993297881893675516E-01   4   0   0   0
 -3.87205569164761231882E-01   5   0   0   0
  5.95895308972088977306E-01   6   0   0   0
  7.57262569271960450656E-01   7   0   0   0
  9.18364094969758326670E+00   0   0   0   0
