&FCI NORB=7, NELEC=10, MS2=0, UHF=.FALSE., ORBSYM=1,1,1,1,1,1,1, ISYM=1, &END
  4.74440871048243817398E+00   1   1   1   1
  4.17323921332328318101E-01   1   1   2   1
  1.00481405942681445431E+00   1   1   2   2
  1.89402770730014593343E-05   1   1   3   1
  6.47126778540368374228E-06   1   1   3   2
  7.96332355380533929434E-01   1   1   3   3
  1.77542491007992658814E-01   1   1   4   1
  1.24212830151046213500E-01   1   1   4   2
  2.01116942706154285588E-05   1   1   4   3
  1.00735949390851353691E+00   1   1   4   4
  1.11533504782102976804E+00   1   1   5   5
  2.42269792877691292343E-01   1   1   6   1
  3.08748960910211867059E-01   1   1   6   2
  8.91352167690961824350E-05   1   1   6   3
 -2.13487669396141499512E-01   1   1   6   4
  7.91738863523152924806E-01   1   1   6   6
 -6.38533309813560379098E-05   1   1   7   1
 -8.80404625407948948634E-05   1   1   7   2
  3.64545546422765487371E-01   1   1   7   3
  3.13642615192705198623E-05   1   1   7   4
  1.22796746851311366910E-05   1   1   7   6
  8.77161653377101946383E-01   1   1   7   7
  4.17323921332327874012E-01   2   1   1   1
  5.83108484053639283817E-02   2   1   2   1
  1.31801214422987526820E-02   2   1   2   2
  2.14651845717714470632E-06   2   1   3   1
  1.20875753285318248560E-06   2   1   3   2
  4.40912410398522532085E-03   2   1   3   3
  2.17743455312179312600E-02   2   1   4   1
  8.94931660909571193019E-03   2   1   4   2
  8.22530056100935343203E-07   2   1   4   3
  1.35191674158967028302E-02   2   1   4   4
  1.17209973097599368108E-02   2   1   5   5
  3.62380322320881159692E-02   2   1   6   1
  6.92816622068214132274E-03   2   1   6   2
  1.86355701434414161210E-06   2   1   6   3
 -1.98734769825196794929E-03   2   1   6   4
  6.95105714804142987839E-03   2   1   6   6
 -1.00261672396125683937E-05   2   1   7   1
 -1.67696406495952514415E-06   2   1   7   2
  7.48062791597597746829E-03   2   1   7   3
  4.12836747066581966070E-07   2   1   7   4
  7.28044880937423876527E-07   2   1   7   6
  9.69842923971348143397E-03   2   1   7   7
  1.00481405942681445431E+00   2   2   1   1
  1.31801214422987370695E-02   2   2   2   1
  7.26072610694592057712E-01   2   2   2   2
  2.26619448441150248138E-06   2   2   3   1
 -1.09332660510990645111E-05   2   2   3   2
  6.42711553934149248946E-01   2   2   3   3
  1.55741203891350075278E-02   2   2   4   1
 -3.52400186003918626521E-03   2   2   4   2
  7.32555287138061641183E-06   2   2   4   3
  6.79741764886900634579E-01   2   2   4   4
  7.47565664739792801186E-01   2   2   5   5
  1.57807963990796605233E-03   2   2   6   1
  1.41490182610972403676E-01   2   2   6   2
  4.07426745475438092199E-05   2   2   6   3
 -9.49925881300458518908E-02   2   2   6   4
  6.08293773712300867018E-01   2   2   6   6
  1.04989255310383722275E-06   2   2   7   1
 -3.99358733460530856973E-05   2   2   7   2
  1.41454113329767344753E-01   2   2   7   3
  8.62954633296109108187E-06   2   2   7   4
 -6.39325317004779680730E-06   2   2   7   6
  6.25382284018965006744E-01   2   2   7   7
  1.89402770730041325703E-05   3   1   1   1
  2.14651845717250508335E-06   3   1   2   1
  2.26619448441546405447E-06   3   1   2   2
  1.08036500694463962619E-02   3   1   3   1
 -1.76176700535897665101E-02   3   1   3   2
 -8.64212398844582690253E-07   3   1   3   3
  1.45195590021526764277E-06   3   1   4   1
  6.88506757727537672614E-09   3   1   4   2
 -3.15897565977230239398E-03   3   1   4   3
  2.20651830344497446471E-08   3   1   4   4
  5.24897579486433923135E-07   3   1   5   5
  4.43324512478741280294E-06   3   1   6   1
 -2.37230574519803473043E-06   3   1   6   2
 -2.91177234901538860984E-03   3   1   6   3
 -2.16115648765427532620E-06   3   1   6   4
 -3.23799113387848760113E-06   3   1   6   6
  1.53877494774215632656E-02   3   1   7   1
 -1.39445585595188575878E-02   3   1   7   2
  1.21440478091996983956E-07   3   1   7   3
 -9.32584952318970400453E-03   3   1   7   4
 -9.42795940715379990338E-03   3   1   7   6
  5.21969839503309482320E-06   3   1   7   7
  6.47126778540389888865E-06   3   2   1   1
  1.20875753286140294035E-06   3   2   2   1
 -1.09332660510408614891E-05   3   2   2   2
 -1.76176700535897699795E-02   3   2   3   1
  1.45092177937696908963E-01   3   2   3   2
  5.94538686299545583871E-06   3   2   3   3
 -1.62214053814044567096E-07   3   2   4   1
  1.41421105087487090301E-06   3   2   4   2
 -2.07473827861435200504E-02   3   2   4   3
  6.58479390367784198128E-06   3   2   4   4
  3.08133031897065583067E-06   3   2   5   5
 -4.35722406418311710937E-06   3   2   6   1
  1.36750492668003581807E-05   3   2   6   2
 -4.38637559026305787202E-02   3   2   6   3
  1.68507975138930322001E-05   3   2   6   4
  4.24641173604505258268E-05   3   2   6   6
 -2.34173556998017416697E-02   3   2   7   1
  4.14225841927950005905E-02   3   2   7   2
  1.70358206258991451421E-05   3   2   7   3
  7.51714237567556869957E-02   3   2   7   4
  1.00921168142693418179E-01   3   2   7   6
 -4.85624505046529375552E-05   3   2   7   7
  7.96332355380534040457E-01   3   3   1   1
  4.40912410398520363680E-03   3   3   2   1
  6.42711553934149248946E-01   3   3   2   2
 -8.64212398846927700967E-07   3   3   3   1
  5.94538686303814629925E-06   3   3   3   2
  6.31357424378672926757E-01   3   3   3   3
  6.23981595407613765653E-03   3   3   4   1
 -7.01719560311366789135E-03   3   3   4   2
  3.04782615791416049814E-06   3   3   4   3
  5.98820505727730489909E-01   3   3   4   4
  6.27204114621896846593E-01   3   3   5   5
  9.78068050152719231823E-05   3   3   6   1
  7.32370956994474464619E-02   3   3   6   2
  2.27680670768677244397E-05   3   3   6   3
 -4.19630388690245409444E-02   3   3   6   4
  5.68839769992745769578E-01   3   3   6   6
 -1.82114137681210763731E-06   3   3   7   1
 -1.54195625245989731411E-05   3   3   7   2
  9.11978512602718005553E-02   3   3   7   3
  1.09387277712480468495E-05   3   3   7   4
  1.21204781619033141737E-05   3   3   7   6
  6.10689345843787090296E-01   3   3   7   7
  1.77542491007992575547E-01   4   1   1   1
  2.17743455312179590155E-02   4   1   2   1
  1.55741203891350248750E-02   4   1   2   2
  1.45195590022093916363E-06   4   1   3   1
 -1.62214053821167928894E-07   4   1   3   2
  6.23981595407614633014E-03   4   1   3   3
  2.76691985631994340211E-02   4   1   4   1
 -1.98111923496368039221E-02   4   1   4   2
 -1.14763382391946571036E-06   4   1   4   3
 -1.16722245681334605566E-02   4   1   4   4
  4.93495276495842152137E-03   4   1   5   5
  6.19524407779264334531E-04   4   1   6   1
  1.83851798225210527615E-02   4   1   6   2
  4.36921853934180060311E-07   4   1   6   3
 -3.32611697111228786158E-03   4   1   6   4
  2.10907846975572632608E-02   4   1   6   6
 -1.01076732634923505127E-06   4   1   7   1
 -3.74096294245181149041E-06   4   1   7   2
 -7.71513342982050025903E-04   4   1   7   3
  1.29982788119823583495E-06   4   1   7   4
 -3.95842391480221919564E-06   4   1   7   6
  3.96329709629204048754E-03   4   1   7   7
  1.24212830151046213500E-01   4   2   1   1
  8.94931660909571886908E-03   4   2   2   1
 -3.52400186003919797459E-03   4   2   2   2
  6.88506757442100059817E-09   4   2   3   1
  1.41421105084542104974E-06   4   2   3   2
 -7.01719560311360110449E-03   4   2   3   3
 -1.98111923496368039221E-02   4   2   4   1
  1.25025617208095130017E-01   4   2   4   2
  8.37607781917883433237E-06   4   2   4   3
  1.05002948463000234103E-01   4   2   4   4
  6.65512360065702718304E-02   4   2   5   5
  1.99381735917885417886E-02   4   2   6   1
 -2.16739459481949739428E-02   4   2   6   2
  1.59064333761762605928E-05   4   2   6   3
 -2.49904756434442300306E-02   4   2   6   4
 -5.98618662385044311702E-02   4   2   6   6
 -3.88559012145725524157E-06   4   2   7   1
 -1.23755515942652882799E-06   4   2   7   2
  7.29680581543447337456E-02   4   2   7   3
 -6.05508546663857671888E-07   4   2   7   4
  1.55496558558315678411E-05   4   2   7   6
  1.55388665054656607833E-02   4   2   7   7
  2.01116942705408286731E-05   4   3   1   1
  8.22530056094481799178E-07   4   3   2   1
  7.32555287136947369341E-06   4   3   2   2
 -3.15897565977230412870E-03   4   3   3   1
 -2.07473827861435235198E-02   4   3   3   2
  3.04782615792250843135E-06   4   3   3   3
 -1.14763382391658982175E-06   4   3   4   1
  8.37607781916587303421E-06   4   3   4   2
  4.62467996789695592885E-02   4   3   4   3
  1.19378127870246480052E-05   4   3   4   4
  1.13208663562299811272E-05   4   3   5   5
  3.51605307593233268494E-07   4   3   6   1
  7.85916698614212657942E-06   4   3   6   2
  2.90509504189749682979E-02   4   3   6   3
 -6.00108419288170313053E-06   4   3   6   4
 -2.22775745338371961479E-05   4   3   6   6
 -4.66767312513856249406E-03   4   3   7   1
  3.24563063171672966378E-02   4   3   7   2
  2.81561535653979122529E-06   4   3   7   3
  3.15929439090558913938E-03   4   3   7   4
 -4.73032672773178036740E-02   4   3   7   6
  2.42390479357340593580E-05   4   3   7   7
  1.00735949390851331486E+00   4   4   1   1
  1.35191674158966698704E-02   4   4   2   1
  6.79741764886900856624E-01   4   4   2   2
  2.20651830357999118563E-08   4   4   3   1
  6.58479390367842304588E-06   4   4   3   2
  5.98820505727730378887E-01   4   4   3   3
 -1.16722245681334779038E-02   4   4   4   1
  1.05002948463000372881E-01   4   4   4   2
  1.19378127869849001372E-05   4   4   4   3
  7.89968884581017660729E-01   4   4   4   4
  7.32556451453948764829E-01   4   4   5   5
  1.87722554893415619071E-02   4   4   6   1
  9.19883598598040530536E-02   4   4   6   2
  3.61368151808279719278E-05   4   4   6   3
 -1.17640067246112464683E-01   4   4   6   4
  5.45599503241949057575E-01   4   4   6   6
 -4.29011919892557935796E-06   4   4   7   1
 -3.01837698115092756268E-05   4   4   7   2
  1.63614661572290487346E-01   4   4   7   3
  1.78630132390139584331E-05   4   4   7   4
  1.69996171116987282446E-05   4   4   7   6
  6.11873863161540687550E-01   4   4   7   7
  2.60481058461052503161E-02   5   1   5   1
 -3.25171850123742653405E-02   5   1   5   2
 -1.44965883046874254360E-06   5   1   5   3
 -1.30087402047494218177E-02   5   1   5   4
 -1.60618781902984973653E-02   5   1   6   5
  4.20166818487777149471E-06   5   1   7   5
 -3.25171850123742514627E-02   5   2   5   1
  1.44809267229985938474E-01   5   2   5   2
  4.83962613037220483551E-06   5   2   5   3
  4.54038191450730904686E-02   5   2   5   4
  6.01421028983216143793E-02   5   2   6   5
 -1.59923756618204904179E-05   5   2   7   5
 -1.44965883046915017821E-06   5   3   5   1
  4.83962613037105625883E-06   5   3   5   2
  2.86366310541728008587E-02   5   3   5   3
  2.89209080367786607439E-06   5   3   5   4
  7.59091407501943850767E-06   5   3   6   5
  2.37905153113043138502E-02   5   3   7   5
 -1.30087402047494183482E-02   5   4   5   1
  4.54038191450730627130E-02   5   4   5   2
  2.89209080368158073739E-06   5   4   5   3
  5.53337952264887980580E-02   5   4   5   4
  1.93191946608875617271E-03   5   4   6   5
 -2.02865078268582577081E-06   5   4   7   5
  1.11533504782102976804E+00   5   5   1   1
  1.17209973097599316066E-02   5   5   2   1
  7.47565664739792690163E-01   5   5   2   2
  5.24897579488295278036E-07   5   5   3   1
  3.08133031895255177197E-06   5   5   3   2
  6.27204114621896846593E-01   5   5   3   3
  4.93495276495841891928E-03   5   5   4   1
  6.65512360065702163192E-02   5   5   4   2
  1.13208663562462882055E-05   5   5   4   3
  7.32556451453948431762E-01   5   5   4   4
  8.80159093375044943031E-01   5   5   5   5
  6.33711240839608062198E-03   5   5   6   1
  1.58909072014769336967E-01   5   5   6   2
  4.87800051663086825168E-05   5   5   6   3
 -1.13013798051018632407E-01   5   5   6   4
  5.84302567043268106239E-01   5   5   6   6
 -1.60607446112598362120E-06   5   5   7   1
 -4.41879189553850970640E-05   5   5   7   2
  1.90997505423808500158E-01   5   5   7   3
  1.54783346502235241715E-05   5   5   7   4
  6.32141051772061590697E-06   5   5   7   6
  6.28082655511210896648E-01   5   5   7   7
  2.42269792877691125810E-01   6   1   1   1
  3.62380322320881090303E-02   6   1   2   1
  1.57807963990796453445E-03   6   1   2   2
  4.43324512478930083938E-06   6   1   3   1
 -4.35722406419081494480E-06   6   1   3   2
  9.78068050152852317639E-05   6   1   3   3
  6.19524407779253926190E-04   6   1   4   1
  1.99381735917885487275E-02   6   1   4   2
  3.51605307587124149241E-07   6   1   4   3
  1.87722554893415896626E-02   6   1   4   4
  6.33711240839607801989E-03   6   1   5   5
  3.10900565829999656065E-02   6   1   6   1
 -5.88727679679942623309E-03   6   1   6   2
  4.70394577760783392521E-07   6   1   6   3
  5.17997904303806391835E-04   6   1   6   4
 -7.78189284688700962794E-03   6   1   6   6
 -3.01090804213487855945E-06   6   1   7   1
 -3.37393257365207338561E-06   6   1   7   2
  6.82689803374426917859E-03   6   1   7   3
 -3.52308515775938413395E-06   6   1   7   4
  1.62384765192528923716E-07   6   1   7   6
  5.51330405925052127736E-03   6   1   7   7
  3.08748960910211978081E-01   6   2   1   1
  6.92816622068212571023E-03   6   2   2   1
  1.41490182610972403676E-01   6   2   2   2
 -2.37230574520546363290E-06   6   2   3   1
  1.36750492667847761626E-05   6   2   3   2
  7.32370956994475436064E-02   6   2   3   3
  1.83851798225210388837E-02   6   2   4   1
 -2.16739459481949219011E-02   6   2   4   2
  7.85916698616015991087E-06   6   2   4   3
  9.19883598598038587646E-02   6   2   4   4
  1.58909072014769642278E-01   6   2   5   5
 -5.88727679679946092756E-03   6   2   6   1
  1.00965004321551074518E-01   6   2   6   2
  2.50631950304585870135E-05   6   2   6   3
 -6.21329051126347786660E-02   6   2   6   4
  9.29359963589227733305E-02   6   2   6   6
 -3.26685833328121955077E-06   6   2   7   1
 -1.21502489155780879493E-05   6   2   7   2
  7.76410508597920184792E-02   6   2   7   3
  1.70006826372311181661E-05   6   2   7   4
 -4.66879384840995781403E-06   6   2   7   6
  6.98016852275186033827E-02   6   2   7   7
  8.91352167692329138814E-05   6   3   1   1
  1.86355701434164985292E-06   6   3   2   1
  4.07426745475775888938E-05   6   3   2   2
 -2.91177234901537993622E-03   6   3   3   1
 -4.38637559026305856591E-02   6   3   3   2
  2.27680670769006536925E-05   6   3   3   3
  4.36921853928674822610E-07   6   3   4   1
  1.59064333762447991107E-05   6   3   4   2
  2.90509504189749509506E-02   6   3   4   3
  3.61368151807807278181E-05   6   3   4   4
  4.87800051663028413776E-05   6   3   5   5
  4.70394577748122685179E-07   6   3   6   1
  2.50631950304513397996E-05   6   3   6   2
  7.43905055312355373287E-02   6   3   6   3
 -3.14589192051940261686E-05   6   3   6   4
 -1.87054187426278268507E-05   6   3   6   6
 -3.64559638694428441927E-03   6   3   7   1
  3.49813530801256628022E-02   6   3   7   2
  1.98332100636439134789E-05   6   3   7   3
 -4.48615253438877856218E-02   6   3   7   4
 -6.83194582120489890542E-02   6   3   7   6
  5.59247235904919426375E-05   6   3   7   7
 -2.13487669396141610534E-01   6   4   1   1
 -1.98734769825198486284E-03   6   4   2   1
 -9.49925881300457408685E-02   6   4   2   2
 -2.16115648765552469980E-06   6   4   3   1
  1.68507975138975689086E-05   6   4   3   2
 -4.19630388690245478833E-02   6   4   3   3
 -3.32611697111230694354E-03   6   4   4   1
 -2.49904756434442265611E-02   6   4   4   2
 -6.00108419284070842995E-06   6   4   4   3
 -1.17640067246112603461E-01   6   4   4   4
 -1.13013798051018563018E-01   6   4   5   5
  5.17997904303786659355E-04   6   4   6   1
 -6.21329051126349660161E-02   6   4   6   2
 -3.14589192051690691898E-05   6   4   6   3
  6.52596654187289765270E-02   6   4   6   4
 -4.39811859502742957817E-02   6   4   6   6
 -2.88138695486543638946E-06   6   4   7   1
  1.94821939201311744583E-05   6   4   7   2
 -7.51839028024559596908E-02   6   4   7   3
  6.16507749990821696251E-06   6   4   7   4
  1.75493900134021663106E-05   6   4   7   6
 -4.19239797504896705149E-02   6   4   7   7
 -1.60618781902984938958E-02   6   5   5   1
  6.01421028983215866237E-02   6   5   5   2
  7.59091407501881255032E-06   6   5   5   3
  1.93191946608875920847E-03   6   5   5   4
  3.87784125197414494823E-02   6   5   6   5
 -3.63337348647033153703E-06   6   5   7   5
  7.91738863523152924806E-01   6   6   1   1
  6.95105714804142901103E-03   6   6   2   1
  6.08293773712300978040E-01   6   6   2   2
 -3.23799113387877135717E-06   6   6   3   1
  4.24641173603847689650E-05   6   6   3   2
  5.68839769992745769578E-01   6   6   3   3
  2.10907846975572632608E-02   6   6   4   1
 -5.98618662385044936203E-02   6   6   4   2
 -2.22775745339183215755E-05   6   6   4   3
  5.45599503241948724508E-01   6   6   4   4
  5.84302567043268328284E-01   6   6   5   5
 -7.78189284688702263837E-03   6   6   6   1
  9.29359963589227455749E-02   6   6   6   2
 -1.87054187426155956950E-05   6   6   6   3
 -4.39811859502741431260E-02   6   6   6   4
  5.92142960412810781534E-01   6   6   6   6
 -4.20472890629020046305E-06   6   6   7   1
 -2.58659922990900348339E-05   6   6   7   2
  3.77048440135818174745E-02   6   6   7   3
  3.36995109625759514671E-05   6   6   7   4
  4.53339714011902206181E-05   6   6   7   6
  5.64086968961192036787E-01   6   6   7   7
 -6.38533309813423905149E-05   7   1   1   1
 -1.00261672396013943351E-05   7   1   2   1
  1.04989255310725521245E-06   7   1   2   2
  1.53877494774215615309E-02   7   1   3   1
 -2.34173556998017382003E-02   7   1   3   2
 -1.82114137682424583120E-06   7   1   3   3
 -1.01076732634940763424E-06   7   1   4   1
 -3.88559012146068148984E-06   7   1   4   2
 -4.66767312513856596351E-03   7   1   4   3
 -4.29011919893202866682E-06   7   1   4   4
 -1.60607446112598277417E-06   7   1   5   5
 -3.01090804212749073808E-06   7   1   6   1
 -3.26685833329046999759E-06   7   1   6   2
 -3.64559638694427010780E-03   7   1   6   3
 -2.88138695485491666377E-06   7   1   6   4
 -4.20472890629963556305E-06   7   1   6   6
  2.19766491120233983803E-02   7   1   7   1
 -1.87841887307220734016E-02   7   1   7   2
 -1.81376724686134471742E-06   7   1   7   3
 -1.30627823964818041980E-02   7   1   7   4
 -1.27807925054461875292E-02   7   1   7   6
  5.05148546021266797723E-06   7   1   7   7
 -8.80404625407376218837E-05   7   2   1   1
 -1.67696406498737664625E-06   7   2   2   1
 -3.99358733461767457314E-05   7   2   2   2
 -1.39445585595188627920E-02   7   2   3   1
  4.14225841927950075294E-02   7   2   3   2
 -1.54195625245939349891E-05   7   2   3   3
 -3.74096294246974571900E-06   7   2   4   1
 -1.23755515949262577348E-06   7   2   4   2
  3.24563063171672966378E-02   7   2   4   3
 -3.01837698115515866166E-05   7   2   4   4
 -4.41879189553850835115E-05   7   2   5   5
 -3.37393257368053496318E-06   7   2   6   1
 -1.21502489156341344253E-05   7   2   6   2
  3.49813530801256766800E-02   7   2   6   3
  1.94821939200128134624E-05   7   2   6   4
 -2.58659922993116796392E-05   7   2   6   6
 -1.87841887307220838099E-02   7   2   7   1
  6.22248432417191188470E-02   7   2   7   2
 -2.88287285417011991673E-05   7   2   7   3
  1.71927624077987117879E-02   7   2   7   4
 -8.27038927901041498458E-03   7   2   7   6
 -1.74787140077015124007E-05   7   2   7   7
  3.64545546422765875949E-01   7   3   1   1
  7.48062791597601303012E-03   7   3   2   1
  1.41454113329767344753E-01   7   3   2   2
  1.21440478096764800067E-07   7   3   3   1
  1.70358206258744592138E-05   7   3   3   2
  9.11978512602718005553E-02   7   3   3   3
 -7.71513342982040918605E-04   7   3   4   1
  7.29680581543448170123E-02   7   3   4   2
  2.81561535653026083408E-06   7   3   4   3
  1.63614661572290487346E-01   7   3   4   4
  1.90997505423808472402E-01   7   3   5   5
  6.82689803374427004595E-03   7   3   6   1
  7.76410508597921572571E-02   7   3   6   2
  1.98332100636234491629E-05   7   3   6   3
 -7.51839028024558903018E-02   7   3   6   4
  3.77048440135818521690E-02   7   3   6   6
 -1.81376724687695722871E-06   7   3   7   1
 -2.88287285417146432742E-05   7   3   7   2
  1.50928575251737639995E-01   7   3   7   3
  2.26581376168537296234E-05   7   3   7   4
  2.85766246265750645250E-05   7   3   7   6
  9.79335143198385438268E-02   7   3   7   7
  3.13642615191622012891E-05   7   4   1   1
  4.12836747084400468786E-07   7   4   2   1
  8.62954633289527153967E-06   7   4   2   2
 -9.32584952318971614760E-03   7   4   3   1
  7.51714237567557147512E-02   7   4   3   2
  1.09387277711840145468E-05   7   4   3   3
  1.29982788121576962871E-06   7   4   4   1
 -6.05508546723992670099E-07   7   4   4   2
  3.15929439090558046577E-03   7   4   4   3
  1.78630132390901913983E-05   7   4   4   4
  1.54783346501957618196E-05   7   4   5   5
 -3.52308515773214651898E-06   7   4   6   1
  1.70006826372806797579E-05   7   4   6   2
 -4.48615253438877925607E-02   7   4   6   3
  6.16507749999745273054E-06   7   4   6   4
  3.36995109628008692078E-05   7   4   6   6
 -1.30627823964817920549E-02   7   4   7   1
  1.71927624077986909712E-02   7   4   7   2
  2.26581376168918935399E-05   7   4   7   3
  6.68379528180365473089E-02   7   4   7   4
  5.71241717833232409696E-02   7   4   7   6
 -2.20511561407170375571E-05   7   4   7   7
  4.20166818488132733902E-06   7   5   5   1
 -1.59923756618081779469E-05   7   5   5   2
  2.37905153113043069113E-02   7   5   5   3
 -2.02865078267549323941E-06   7   5   5   4
 -3.63337348645369708050E-06   7   5   6   5
  2.47166186073660629208E-02   7   5   7   5
  1.22796746851232542024E-05   7   6   1   1
  7.28044880943360412817E-07   7   6   2   1
 -6.39325317014276190618E-06   7   6   2   2
 -9.42795940715380337283E-03   7   6   3   1
  1.00921168142693445935E-01   7   6   3   2
  1.21204781617909027372E-05   7   6   3   3
 -3.95842391480990517260E-06   7   6   4   1
  1.55496558557778761166E-05   7   6   4   2
 -4.73032672773177342851E-02   7   6   4   3
  1.69996171117670770271E-05   7   6   4   4
  6.32141051770673473103E-06   7   6   5   5
  1.62384765172597285555E-07   7   6   6   1
 -4.66879384842264721461E-06   7   6   6   2
 -6.83194582120490029320E-02   7   6   6   3
  1.75493900133391131780E-05   7   6   6   4
  4.53339714010255574132E-05   7   6   6   6
 -1.27807925054461823250E-02   7   6   7   1
 -8.27038927901040804569E-03   7   6   7   2
  2.85766246265195533738E-05   7   6   7   3
  5.71241717833232479085E-02   7   6   7   4
  1.17934382326729952917E-01   7   6   7   6
 -4.24646006431383948865E-05   7   6   7   7
  8.77161653377101835360E-01   7   7   1   1
  9.69842923971344847422E-03   7   7   2   1
  6.25382284018965228789E-01   7   7   2   2
  5.21969839503705978443E-06   7   7   3   1
 -4.85624505047247795016E-05   7   7   3   2
  6.10689345843786868251E-01   7   7   3   3
  3.96329709629199885418E-03   7   7   4   1
  1.55388665054657596626E-02   7   7   4   2
  2.42390479357517352416E-05   7   7   4   3
  6.11873863161540798572E-01   7   7   4   4
  6.28082655511211229715E-01   7   7   5   5
  5.51330405925048311344E-03   7   7   6   1
  6.98016852275186588939E-02   7   7   6   2
  5.59247235905526579591E-05   7   7   6   3
 -4.19239797504896427593E-02   7   7   6   4
  5.64086968961192147809E-01   7   7   6   6
  5.05148546021960687114E-06   7   7   7   1
 -1.74787140076460012494E-05   7   7   7   2
  9.79335143198385715824E-02   7   7   7   3
 -2.20511561406372402772E-05   7   7   7   4
 -4.24646006431939060377E-05   7   7   7   6
  6.21844149066855256258E-01   7   7   7   7
 -3.27032191633810995768E+01   1   1   0   0
 -5.59729065173398820932E-01   2   1   0   0
 -7.66447719885419953556E+00   2   2   0   0
 -2.50899668308570394503E-05   3   1   0   0
 -1.19244690915123140434E-05   3   2   0   0
 -6.35644213487206055646E+00   3   3   0   0
 -2.26575555921061516651E-01   4   1   0   0
 -4.22541488894633832096E-01   4   2   0   0
 -8.67444036937371385724E-05   4   3   0   0
 -7.01306241254731688173E+00   4   4   0   0
 -7.45767713248284280780E+00   5   5   0   0
 -3.11201341239737638844E-01   6   1   0   0
 -1.37974556211527743521E+00   6   2   0   0
 -4.32667999797022376218E-04   6   3   0   0
  1.05450559304232172053E+00   6   4   0   0
 -5.29168009407111661346E+00   6   6   0   0
  8.11310190809155784564E-05   7   1   0   0
  3.86016000564648464888E-04   7   2   0   0
 -1.72869363763500771825E+00   7   3   0   0
 -1.52149435624915341236E-04   7   4   0   0
 -7.54472860506893994170E-05   7   6   0   0
 -5.62164505341795539550E+00   7   7   0   0
  9.18373819090551357647E+00   0   0   0   0
