&FCI NORB=10, NELEC=10, MS2=0, UHF=.FALSE., ORBSYM=1,1,1,1,1,1,1,1,1,1, ISYM=1, &END
  1.60522364276389373217E+00   1   1   1   1
  1.36165104582125011052E-06   1   1   2   1
  1.60601711719239248488E+00   1   1   2   2
  2.52193506588677994956E-07   1   1   3   1
  1.56547902721837717266E-01   1   1   3   2
  5.54695026243224975637E-01   1   1   3   3
  1.58618723783291309948E-01   1   1   4   1
  7.93456756943291198180E-08   1   1   4   2
  1.87222786198540419652E-07   1   1   4   3
  5.03800468158023373455E-01   1   1   4   4
  5.10464209562905724127E-01   1   1   5   5
  7.20453330662101413818E-08   1   1   6   1
  5.26967897367665791264E-02   1   1   6   2
 -4.23868133587087594916E-02   1   1   6   3
  1.83746337394754531495E-07   1   1   6   4
  5.19741505117845559170E-01   1   1   6   6
  5.10464209562905280038E-01   1   1   7   7
  2.39121790503395301584E-07   1   1   8   5
  5.37319465824024455891E-01   1   1   8   8
  2.39123755694928596264E-07   1   1   9   7
  5.37319465824024122824E-01   1   1   9   9
  9.33876324698856979944E-02   1   1  10   1
  6.42765366984982006543E-08   1   1  10   2
  1.54743752753638352854E-07   1   1  10   3
  4.18017922492643287380E-02   1   1  10   4
 -1.90794478596211424848E-07   1   1  10   6
  6.46727749310945343453E-01   1   1  10  10
  1.36165104608624119170E-06   2   1   1   1
  1.28326446203201527396E+00   2   1   2   1
 -1.36080740669169359736E-06   2   1   2   2
  1.59468456987750362153E-01   2   1   3   1
 -8.44676387278765173923E-08   2   1   3   2
 -3.23595908896319291409E-11   2   1   3   3
  8.17927044734592913451E-08   2   1   4   1
  1.54115632637721183817E-01   2   1   4   2
  1.76502361127077456171E-01   2   1   4   3
  4.72466166768429367722E-11   2   1   4   4
 -1.57208599888869970177E-11   2   1   5   5
  4.15760466580838913830E-02   2   1   6   1
 -2.21006176295786165403E-08   2   1   6   2
  6.74483069571033008806E-11   2   1   6   3
  1.73220872339740733503E-01   2   1   6   4
  2.95694364904515719325E-11   2   1   6   6
  1.72742210045424001841E-11   2   1   7   7
  2.25425334099412760791E-01   2   1   8   5
 -2.23596435307462729078E-11   2   1   8   8
  2.25425334099412566502E-01   2   1   9   7
 -5.53548873405418362381E-11   2   1   9   9
  5.70538619711994222061E-08   2   1  10   1
  1.07288879847342755181E-01   2   1  10   2
  1.45879470012455242367E-01   2   1  10   3
 -6.22516495814635809914E-11   2   1  10   4
 -1.79863195078501819646E-01   2   1  10   6
 -6.47124853703218150258E-11   2   1  10  10
  1.60601711719239226284E+00   2   2   1   1
 -1.36080740680638736414E-06   2   2   2   1
  1.60681343028098755354E+00   2   2   2   2
 -8.60164982315058842174E-08   2   2   3   1
  1.56744194434154521245E-01   2   2   3   2
  5.54602824134906691178E-01   2   2   3   3
  1.58730140516371798221E-01   2   2   4   1
 -2.47671472428554453185E-07   2   2   4   2
 -1.87228943669478556212E-07   2   2   4   3
  5.03901548665786624959E-01   2   2   4   4
  5.10415741562834868184E-01   2   2   5   5
 -1.62022526488120201411E-08   2   2   6   1
  5.26147261474146019089E-02   2   2   6   2
 -4.22573745728711883118E-02   2   2   6   3
 -1.83743689867415753770E-07   2   2   6   4
  5.19798976507219401277E-01   2   2   6   6
  5.10415741562834424094E-01   2   2   7   7
 -2.39120587131601177984E-07   2   2   8   5
  5.37296128206713352604E-01   2   2   8   8
 -2.39118620024098626615E-07   2   2   9   7
  5.37296128206713019537E-01   2   2   9   9
  9.36714496209170854879E-02   2   2  10   1
 -1.63488554949933513164E-07   2   2  10   2
 -1.54741185608149941247E-07   2   2  10   3
  4.16995863881199357870E-02   2   2  10   4
  1.90787314647312478528E-07   2   2  10   6
  6.46623615641699678314E-01   2   2  10  10
  2.52193506677614283896E-07   3   1   1   1
  1.59468456987750278886E-01   3   1   2   1
 -8.60164982166586539666E-08   3   1   2   2
  2.78681471644703637747E-02   3   1   3   1
  6.84183817572986726912E-11   3   1   3   2
  2.38371496438582451907E-09   3   1   3   3
  2.76506356560907635199E-08   3   1   4   1
  2.60988863455093346444E-02   3   1   4   2
  9.22800185477503330522E-03   3   1   4   3
  5.98836350910198409664E-09   3   1   4   4
  1.94926537040818228575E-09   3   1   5   5
  5.58610228050196531285E-03   3   1   6   1
 -1.22441813552605684474E-10   3   1   6   2
  2.81662161660017882398E-09   3   1   6   3
  8.97038374432576959827E-03   3   1   6   4
  3.54448849328881358155E-09   3   1   6   6
  1.95034504762517817728E-09   3   1   7   7
  7.37645151599825542321E-03   3   1   8   5
  3.35510999739800247516E-09   3   1   8   8
  7.37645151599825021904E-03   3   1   9   7
  3.35403031303388443618E-09   3   1   9   9
  2.26019244590612402356E-08   3   1  10   1
  2.12164494720673349470E-02   3   1  10   2
  4.71346211157687867283E-03   3   1  10   3
 -1.37860320467677455780E-10   3   1  10   4
 -5.96683673461612888028E-03   3   1  10   6
  4.30895189668101252778E-09   3   1  10  10
  1.56547902721837550732E-01   3   2   1   1
 -8.44676387286189285356E-08   3   2   2   1
  1.56744194434154549000E-01   3   2   2   2
  6.84183745267877626740E-11   3   2   3   1
  2.79927264103307683885E-02   3   2   3   2
  4.49182479393948029534E-03   3   2   3   3
  2.60346702317342526545E-02   3   2   4   1
 -2.76503402066662770302E-08   3   2   4   2
 -4.89365507055938956887E-09   3   2   4   3
  1.12908068580944882797E-02   3   2   4   4
  3.67413164913307256632E-03   3   2   5   5
 -1.22451282611321787377E-10   3   2   6   1
  5.35646913257127686020E-03   3   2   6   2
  5.31076996090466216943E-03   3   2   6   3
 -4.75800413716354571788E-09   3   2   6   4
  6.68288406775806829996E-03   3   2   6   6
  3.67413164913306909687E-03   3   2   7   7
 -3.91208689388617421946E-09   3   2   8   5
  6.32595823044339918700E-03   3   2   8   8
 -3.91189282375816356206E-09   3   2   9   7
  6.32595823044339485020E-03   3   2   9   9
  2.13972246287029398137E-02   3   2  10   1
 -2.26007611901490084744E-08   3   2  10   2
 -2.49943610304569866313E-09   3   2  10   3
 -2.59969809757678530643E-04   3   2  10   4
  3.16448324781892988342E-09   3   2  10   6
  8.12366246491664015239E-03   3   2  10  10
  5.54695026243225197682E-01   3   3   1   1
 -3.23595460928115920164E-11   3   3   2   1
  5.54602824134906691178E-01   3   3   2   2
  2.38371498510876557428E-09   3   3   3   1
  4.49182479393949590785E-03   3   3   3   2
  4.93648889952149949600E-01   3   3   3   3
  1.44040382366932319391E-02   3   3   4   1
 -7.63875500571929328201E-09   3   3   4   2
  3.82419576239307390519E-01   3   3   4   4
  4.38652518766844801146E-01   3   3   5   5
  9.31628793365667015836E-09   3   3   6   1
  1.75657288687188356535E-02   3   3   6   2
 -7.93928142713492962512E-02   3   3   6   3
  1.09454229442753359327E-11   3   3   6   4
  4.18145685820318635528E-01   3   3   6   6
  4.38652518766844412568E-01   3   3   7   7
  9.22145509573675127718E-12   3   3   8   5
  4.31095366009129010720E-01   3   3   8   8
  8.66820114113439574715E-12   3   3   9   7
  4.31095366009128677653E-01   3   3   9   9
 -1.24849117846886382976E-02   3   3  10   1
  6.62283680439870668417E-09   3   3  10   2
  5.12052408066904719464E-12   3   3  10   3
  4.98463493424749840011E-02   3   3  10   4
 -9.46697561237465064112E-12   3   3  10   6
  5.08415399020819558373E-01   3   3  10  10
  1.58618723783291282192E-01   4   1   1   1
  8.17927045138577866105E-08   4   1   2   1
  1.58730140516371881487E-01   4   1   2   2
  2.76506356586729732381E-08   4   1   3   1
  2.60346702317342838795E-02   4   1   3   2
  1.44040382366932354086E-02   4   1   3   3
  2.83476264978379313697E-02   4   1   4   1
 -5.10433330753976005579E-11   4   1   4   2
  3.07045411205101189351E-09   4   1   4   3
  6.69895875495255237880E-03   4   1   4   4
  7.18384421788993438734E-03   4   1   5   5
  1.23750861686494157019E-08   4   1   6   1
  1.18150092252935351445E-02   4   1   6   2
 -4.34143718871096533085E-03   4   1   6   3
 -6.02853871395414727722E-10   4   1   6   4
  5.32906370882682382806E-03   4   1   6   6
  7.18384421788992831581E-03   4   1   7   7
  1.99184445018404581650E-09   4   1   8   5
  7.61989775711248082390E-03   4   1   8   8
  1.99187635974487875248E-09   4   1   9   7
  7.61989775711247648710E-03   4   1   9   9
  1.26765358642632695180E-02   4   1  10   1
  2.09232211130382509641E-10   4   1  10   2
  5.42308767426861788151E-09   4   1  10   3
  7.05020799461081575793E-03   4   1  10   4
 -1.77186907392343158601E-09   4   1  10   6
  1.81506993722479262332E-02   4   1  10  10
  7.93456756481241739944E-08   4   2   1   1
  1.54115632637721017284E-01   4   2   2   1
 -2.47671472442243723223E-07   4   2   2   2
  2.60988863455092999499E-02   4   2   3   1
 -2.76503401791535484075E-08   4   2   3   2
 -7.63875501741328125929E-09   4   2   3   3
 -5.10433190994184263263E-11   4   2   4   1
  2.82545551529228139431E-02   4   2   4   2
  5.79083472371338947582E-03   4   2   4   3
 -3.55413067736425612312E-09   4   2   4   4
 -3.80996959253190747983E-09   4   2   5   5
  1.15193230458326880544E-02   4   2   6   1
 -1.23769120475873919298E-08   4   2   6   2
  2.30158785071260560016E-09   4   2   6   3
 -1.13528450235621312762E-03   4   2   6   4
 -2.82651626408480787134E-09   4   2   6   6
 -3.80941979613623708585E-09   4   2   7   7
  3.75625636890389606390E-03   4   2   8   5
 -4.04175735802122198755E-09   4   2   8   8
  3.75625636890389346181E-03   4   2   9   7
 -4.04230715697270759357E-09   4   2   9   9
  2.09192396968979341855E-10   4   2  10   1
  1.30729761970587807923E-02   4   2  10   2
  1.02244362945327540299E-02   4   2  10   3
 -3.73954815510875990618E-09   4   2  10   4
 -3.34054244297665899055E-03   4   2  10   6
 -9.62687972914932910129E-09   4   2  10  10
  1.87222786235876467297E-07   4   3   1   1
  1.76502361127077400660E-01   4   3   2   1
 -1.87228943582481046279E-07   4   3   2   2
  9.22800185477503850939E-03   4   3   3   1
 -4.89365504605718561276E-09   4   3   3   2
  3.07045415411669630102E-09   4   3   4   1
  5.79083472371342590501E-03   4   3   4   2
  7.60764465230908543125E-02   4   3   4   3
  1.32547514522066850985E-12   4   3   5   5
 -2.27721492809958422562E-03   4   3   6   1
  1.20624218306694268106E-09   4   3   6   2
  5.46975122327863158506E-12   4   3   6   3
  8.85105200703216327129E-02   4   3   6   4
 -2.10462359713913004739E-12   4   3   6   6
  1.61610016707047706214E-11   4   3   7   7
  1.01357627252839865850E-01   4   3   8   5
 -6.32981703560073241505E-12   4   3   8   8
  1.01357627252839796461E-01   4   3   9   7
 -2.11654235804381585240E-11   4   3   9   9
  5.36395270454905403591E-09   4   3  10   1
  1.01109278659312455673E-02   4   3  10   2
  4.53176453281105701132E-02   4   3  10   3
 -5.59929759501507723113E-12   4   3  10   4
 -7.22164621532485617728E-02   4   3  10   6
 -9.24271076341298680745E-12   4   3  10  10
  5.03800468158023484477E-01   4   4   1   1
  4.72467113307603879289E-11   4   4   2   1
  5.03901548665786513936E-01   4   4   2   2
  5.98836357496388373361E-09   4   4   3   1
  1.12908068580945073617E-02   4   4   3   2
  3.82419576239307279497E-01   4   4   3   3
  6.69895875495256799131E-03   4   4   4   1
 -3.55413068409303663887E-09   4   4   4   2
  4.04968751231401802304E-01   4   4   4   4
  3.83331888266828679779E-01   4   4   5   5
 -1.89692423803525451970E-09   4   4   6   1
 -3.57483292374670066915E-03   4   4   6   2
  7.33695531130880516241E-03   4   4   6   3
  4.12099188855857279101E-01   4   4   6   6
  3.83331888266828402223E-01   4   4   7   7
 -2.79732380940541213264E-12   4   4   8   5
  3.99294553885078729039E-01   4   4   8   8
 -1.62928525628980110536E-12   4   4   9   7
  3.99294553885078506994E-01   4   4   9   9
  1.34326378567668578562E-02   4   4  10   1
 -7.12435640570106783537E-09   4   4  10   2
 -3.13980503222099077512E-12   4   4  10   3
 -1.21049833707932985583E-02   4   4  10   4
  1.60836885474075332343E-12   4   4  10   6
  4.15526694867888457541E-01   4   4  10  10
  9.35632217961409815010E-03   5   1   5   1
  2.01499036448371972874E-10   5   1   5   2
 -7.70322864238540755077E-09   5   1   5   3
 -1.09103304261399837449E-02   5   1   5   4
 -1.49358903689027763490E-09   5   1   6   5
  1.17656592852101395509E-08   5   1   8   1
  1.08627447000381408687E-02   5   1   8   2
 -1.12346838301138687854E-02   5   1   8   3
 -7.46835046031260245602E-09   5   1   8   4
 -4.80169958029355234408E-03   5   1   8   6
 -6.96012614696267344072E-03   5   1  10   5
 -4.57184519290293407341E-09   5   1  10   8
  2.01499040368068790178E-10   5   2   5   1
  9.73532921693001651597E-03   5   2   5   2
 -1.45219905540381246517E-02   5   2   5   3
  5.78656850153399542666E-09   5   2   5   4
 -2.81653981315883742212E-03   5   2   6   5
  1.13206567332200108700E-02   5   2   8   1
 -1.17655297085795933234E-08   5   2   8   2
  5.95802927338512271846E-09   5   2   8   3
 -1.40816818110559658500E-02   5   2   8   4
  2.54719802755214898633E-09   5   2   8   6
  3.69116214464639749524E-09   5   2  10   5
 -8.61981467490830800815E-03   5   2  10   8
 -7.70322864128915170239E-09   5   3   5   1
 -1.45219905540381246517E-02   5   3   5   2
  7.33810156810063007882E-02   5   3   5   3
  3.57217697841893640567E-03   5   3   6   5
 -1.61707730920215494996E-02   5   3   8   1
  8.57610446267672110319E-09   5   3   8   2
  3.74482540578604930012E-12   5   3   8   3
  5.80340795997150091234E-02   5   3   8   4
 -1.03195147177189807761E-12   5   3   8   6
  1.95239654700729655995E-12   5   3  10   5
  3.99154898009174835538E-02   5   3  10   8
 -1.09103304261399837449E-02   5   4   5   1
  5.78656850105474352336E-09   5   4   5   2
  4.17545797979479854645E-02   5   4   5   4
 -6.60656437945127614800E-09   5   4   8   1
 -1.24572707974256093738E-02   5   4   8   2
  3.86549980892865602256E-02   5   4   8   3
 -2.57155162884836289655E-12   5   4   8   4
  2.40979668323487890291E-02   5   4   8   6
  1.67467791076945198003E-02   5   4  10   5
 -1.43365956505714053345E-12   5   4  10   8
  5.10464209562905724127E-01   5   5   1   1
 -1.57207941651372207047E-11   5   5   2   1
  5.10415741562834757161E-01   5   5   2   2
  1.94926538466152001783E-09   5   5   3   1
  3.67413164913308384202E-03   5   5   3   2
  4.38652518766844801146E-01   5   5   3   3
  7.18384421788994479569E-03   5   5   4   1
 -3.80996959405358231724E-09   5   5   4   2
  1.32556099428460507937E-12   5   5   4   3
  3.83331888266828735290E-01   5   5   4   4
  4.33851247189638411506E-01   5   5   5   5
  3.83456710608425444194E-09   5   5   6   1
  7.23028716177073326604E-03   5   5   6   2
 -3.86854907233272066192E-02   5   5   6   3
  6.12404557741399071884E-12   5   5   6   4
  3.96177591540456952579E-01   5   5   6   6
  3.99540459803966963026E-01   5   5   7   7
  6.95259966455889160918E-12   5   5   8   5
  4.36580823914860693957E-01   5   5   8   8
  5.84917179318914956407E-12   5   5   9   7
  4.02449111876846066238E-01   5   5   9   9
 -4.29236760125664695842E-03   5   5  10   1
  2.27706427153190064016E-09   5   5  10   2
  3.59919207881096458755E-12   5   5  10   3
  3.13156116825835870165E-02   5   5  10   4
 -5.94570505371058933599E-12   5   5  10   6
  4.55612004508739565356E-01   5   5  10  10
  7.20453331099682737185E-08   6   1   1   1
  4.15760466580838844441E-02   6   1   2   1
 -1.62022526574613217197E-08   6   1   2   2
  5.58610228050196531285E-03   6   1   3   1
 -1.22451280949374799066E-10   6   1   3   2
  9.31628792551388766478E-09   6   1   3   3
  1.23750861713697943609E-08   6   1   4   1
  1.15193230458326967280E-02   6   1   4   2
 -2.27721492809958509299E-03   6   1   4   3
 -1.89692427179435978309E-09   6   1   4   4
  3.83456710425640779979E-09   6   1   5   5
  1.15041614405495193352E-02   6   1   6   1
  4.42424477010269681671E-10   6   1   6   2
 -7.32943136253060341875E-09   6   1   6   3
 -1.30366127374493909891E-02   6   1   6   4
  3.34667623227589540533E-11   6   1   6   6
  3.83414171324730110928E-09   6   1   7   7
 -2.90630799278772822963E-03   6   1   8   5
  2.48131205911919870818E-09   6   1   8   8
 -2.90630799278772649491E-03   6   1   9   7
  2.48173745247791399660E-09   6   1   9   9
 -7.92323691670690956836E-09   6   1  10   1
 -7.00897527332512270543E-03   6   1  10   2
  1.07109480307972428775E-02   6   1  10   3
  6.29011324680740720147E-09   6   1  10   4
  1.82803830187185816815E-03   6   1  10   6
  1.02202328674735887226E-08   6   1  10  10
  5.26967897367665236152E-02   6   2   1   1
 -2.21006176378422401952E-08   6   2   2   1
  5.26147261474146019089E-02   6   2   2   2
 -1.22441812090242747215E-10   6   2   3   1
  5.35646913257127772756E-03   6   2   3   2
  1.75657288687188321841E-02   6   2   3   3
  1.18150092252935282056E-02   6   2   4   1
 -1.23769120538990546275E-08   6   2   4   2
  1.20624217627739189405E-09   6   2   4   3
 -3.57483292374670197020E-03   6   2   4   4
  7.23028716177072892923E-03   6   2   5   5
  4.42424477031120319974E-10   6   2   6   1
  1.23388180787641372343E-02   6   2   6   2
 -1.38174215636773962956E-02   6   2   6   3
  6.91434114033478774704E-09   6   2   6   4
  6.25140941793932386310E-05   6   2   6   6
  7.23028716177072285770E-03   6   2   7   7
  1.54112704193127862885E-09   6   2   8   5
  4.67849523446051043102E-03   6   2   8   8
  1.54094028770004261337E-09   6   2   9   7
  4.67849523446050782893E-03   6   2   9   9
 -7.92850291326276102044E-03   6   2  10   1
  7.92180299494306255944E-09   6   2  10   2
 -5.68073036443749191230E-09   6   2  10   3
  1.18608291723649398458E-02   6   2  10   4
 -9.69967217952094502614E-10   6   2  10   6
  1.92701752236474170565E-02   6   2  10  10
 -4.23868133587087941860E-02   6   3   1   1
  6.74482841925073417192E-11   6   3   2   1
 -4.22573745728711952507E-02   6   3   2   2
  2.81662161598749028017E-09   6   3   3   1
  5.31076996090466910833E-03   6   3   3   2
 -7.93928142713493101290E-02   6   3   3   3
 -4.34143718871097834128E-03   6   3   4   1
  2.30158786578805580919E-09   6   3   4   2
  5.46976061474555975011E-12   6   3   4   3
  7.33695531130879475407E-03   6   3   4   4
 -3.86854907233272135580E-02   6   3   5   5
 -7.32943136302045646879E-09   6   3   6   1
 -1.38174215636773962956E-02   6   3   6   2
  5.92173129269470827074E-02   6   3   6   3
 -1.81192943939618156257E-02   6   3   6   6
 -3.86854907233271858025E-02   6   3   7   7
 -2.41235311208249023074E-02   6   3   8   8
  1.50544175113551006101E-12   6   3   9   7
 -2.41235311208248884296E-02   6   3   9   9
  1.76070674068142737911E-02   6   3  10   1
 -9.33798409458893899471E-09   6   3  10   2
 -2.38460805499746817522E-12   6   3  10   3
 -3.61596217976702175023E-02   6   3  10   4
  1.14853995396821202760E-12   6   3  10   6
 -7.34961434664425233843E-02   6   3  10  10
  1.83746337389838193451E-07   6   4   1   1
  1.73220872339740733503E-01   6   4   2   1
 -1.83743689933019726084E-07   6   4   2   2
  8.97038374432578000661E-03   6   4   3   1
 -4.75800414562102990269E-09   6   4   3   2
  1.09454179706268032023E-11   6   4   3   3
 -6.02853857880862399600E-10   6   4   4   1
 -1.13528450235621117606E-03   6   4   4   2
  8.85105200703215910796E-02   6   4   4   3
  6.12402914326336437334E-12   6   4   5   5
 -1.30366127374493927238E-02   6   4   6   1
  6.91434113422133075895E-09   6   4   6   2
  1.39527161111171693619E-01   6   4   6   4
 -1.17474375923461875608E-12   6   4   6   6
  2.20843179723412268323E-11   6   4   7   7
  1.09042083728591102099E-01   6   4   8   5
 -4.11585267059676210491E-12   6   4   8   8
  1.09042083728591018832E-01   6   4   9   7
 -2.00762045876601291639E-11   6   4   9   9
  1.10985705585035691402E-08   6   4  10   1
  2.09277359338408894263E-02   6   4  10   2
  1.80848203092124938662E-02   6   4  10   3
 -9.41537834331248602027E-02   6   4  10   6
 -1.49358903730274194157E-09   6   5   5   1
 -2.81653981315883872316E-03   6   5   5   2
  3.57217697841893814040E-03   6   5   5   3
  1.97278677449619771478E-02   6   5   6   5
 -3.53638041375479083780E-03   6   5   8   1
  1.87603731975571880018E-09   6   5   8   2
  1.99840472340797568884E-02   6   5   8   4
 -8.16588433433929755667E-03   6   5  10   8
  5.19741505117845670192E-01   6   6   1   1
  2.95693797031730018159E-11   6   6   2   1
  5.19798976507219512300E-01   6   6   2   2
  3.54448848635462385379E-09   6   6   3   1
  6.68288406775807784094E-03   6   6   3   2
  4.18145685820318635528E-01   6   6   3   3
  5.32906370882685331836E-03   6   6   4   1
 -2.82651628267090152195E-09   6   6   4   2
 -2.10459003915480515133E-12   6   6   4   3
  4.12099188855857223590E-01   6   6   4   4
  3.96177591540456952579E-01   6   6   5   5
  3.34667598775680983254E-11   6   6   6   1
  6.25140941793984834590E-05   6   6   6   2
 -1.81192943939618121563E-02   6   6   6   3
 -1.17470644329741054792E-12   6   6   6   4
  4.42785158315151583519E-01   6   6   6   6
  3.96177591540456564001E-01   6   6   7   7
 -1.26977158998878053462E-12   6   6   8   5
  4.06676926591781728870E-01   6   6   8   8
  4.06676926591781451314E-01   6   6   9   9
  6.38779319987858341945E-03   6   6  10   1
 -3.38875645102691318997E-09   6   6  10   2
 -1.05834078999773907592E-02   6   6  10   4
  4.58791110653404055064E-01   6   6  10  10
  9.35632217961409121121E-03   7   1   7   1
  2.03122510674924172208E-10   7   1   7   2
 -7.70523428368406300974E-09   7   1   7   3
 -1.09103304261399785408E-02   7   1   7   4
 -1.49419925252805941319E-09   7   1   7   6
  1.17659390272264659161E-08   7   1   9   1
  1.08627447000381339298E-02   7   1   9   2
 -1.12346838301138618466E-02   7   1   9   3
 -7.46872868119736257744E-09   7   1   9   4
 -4.80169958029354974199E-03   7   1   9   6
 -6.96012614696266563447E-03   7   1  10   7
 -4.57203355209989670271E-09   7   1  10   9
  2.03122511250735841093E-10   7   2   7   1
  9.73532921693000784236E-03   7   2   7   2
 -1.45219905540381107739E-02   7   2   7   3
  5.78462627364793333729E-09   7   2   7   4
 -2.81653981315883568740E-03   7   2   7   6
  1.13206567332200039311E-02   7   2   9   1
 -1.17653185395469248191E-08   7   2   9   2
  5.95816212500202854080E-09   7   2   9   3
 -1.40816818110559554417E-02   7   2   9   4
  2.54698997511112851302E-09   7   2   9   6
  3.68996825476474198528E-09   7   2  10   7
 -8.61981467490830280398E-03   7   2  10   9
 -7.70523428280881989488E-09   7   3   7   1
 -1.45219905540381107739E-02   7   3   7   2
  7.33810156810062452770E-02   7   3   7   3
  8.05777886109802516335E-12   7   3   7   4
  3.57217697841893987512E-03   7   3   7   6
 -1.61707730920215321524E-02   7   3   9   1
  8.57623730763049766706E-09   7   3   9   2
  1.29191859314822490101E-12   7   3   9   3
  5.80340795997149744290E-02   7   3   9   4
  6.64225365862331949743E-12   7   3  10   7
  3.99154898009174557982E-02   7   3  10   9
 -1.09103304261399750713E-02   7   4   7   1
  5.78462627206820282859E-09   7   4   7   2
  8.05777000573625632662E-12   7   4   7   3
  4.17545797979479438311E-02   7   4   7   4
  3.13107698372983991485E-12   7   4   7   6
 -6.60694259831036607505E-09   7   4   9   1
 -1.24572707974255989655E-02   7   4   9   2
  3.86549980892865255311E-02   7   4   9   3
 -1.12900768224075611087E-12   7   4   9   4
  2.40979668323487716819E-02   7   4   9   6
  1.67467791076944989836E-02   7   4  10   7
  1.71553936928354917868E-02   7   5   7   5
  2.99760630715252016178E-12   7   5   8   7
  1.70658560190071126317E-02   7   5   9   8
 -1.49419925231916590963E-09   7   6   7   1
 -2.81653981315883612108E-03   7   6   7   2
  3.57217697841893727304E-03   7   6   7   3
  3.13107637446976344508E-12   7   6   7   4
  1.97278677449619667394E-02   7   6   7   6
 -3.53638041375478866940E-03   7   6   9   1
  1.87582926823227116880E-09   7   6   9   2
  1.99840472340797464801E-02   7   6   9   4
 -1.61411320512751298918E-12   7   6  10   7
 -8.16588433433928888305E-03   7   6  10   9
  5.10464209562905391060E-01   7   7   1   1
  1.72741870454776491419E-11   7   7   2   1
  5.10415741562834313072E-01   7   7   2   2
  1.95034505241055905519E-09   7   7   3   1
  3.67413164913306259166E-03   7   7   3   2
  4.38652518766844523590E-01   7   7   3   3
  7.18384421788989795815E-03   7   7   4   1
 -3.80941982858937222735E-09   7   7   4   2
  1.61610319450284201211E-11   7   7   4   3
  3.83331888266828402223E-01   7   7   4   4
  3.99540459803966963026E-01   7   7   5   5
  3.83414171019659697164E-09   7   7   6   1
  7.23028716177072025562E-03   7   7   6   2
 -3.86854907233271996803E-02   7   7   6   3
  2.20843579111272285687E-11   7   7   6   4
  3.96177591540456619512E-01   7   7   6   6
  4.33851247189637689861E-01   7   7   7   7
  2.40483602551970260165E-11   7   7   8   5
  4.02449111876845955216E-01   7   7   8   8
  2.99263640110878924498E-11   7   7   9   7
  4.36580823914860194357E-01   7   7   9   9
 -4.29236760125666170357E-03   7   7  10   1
  2.27826860501307785167E-09   7   7  10   2
  1.35399231694899683294E-11   7   7  10   3
  3.13156116825835245665E-02   7   7  10   4
 -1.94220588458686628743E-11   7   7  10   6
  4.55612004508739010245E-01   7   7  10  10
  1.17656592850775640054E-08   8   1   5   1
  1.13206567332200108700E-02   8   1   5   2
 -1.61707730920215494996E-02   8   1   5   3
 -6.60656437848576694879E-09   8   1   5   4
 -3.53638041375479257253E-03   8   1   6   5
  1.31787960792117946757E-02   8   1   8   1
 -2.96434288546606969584E-10   8   1   8   2
 -6.73953691038803100529E-09   8   1   8   3
 -1.60784660442222261667E-02   8   1   8   4
 -3.00082092937674814333E-09   8   1   8   6
 -4.08060599467395071425E-09   8   1  10   5
 -9.53392107517569628583E-03   8   1  10   8
  1.08627447000381391340E-02   8   2   5   1
 -1.17655297076529475510E-08   8   2   5   2
  8.57610446064400084846E-09   8   2   5   3
 -1.24572707974256076391E-02   8   2   5   4
  1.87603731926773724628E-09   8   2   6   5
 -2.96434286330105225620E-10   8   2   8   1
  1.26208294232239975896E-02   8   2   8   2
 -1.27068165899184935125E-02   8   2   8   3
  8.52866460283925486565E-09   8   2   8   4
 -5.65940419292894087572E-03   8   2   8   6
 -7.69369896219793906328E-03   8   2  10   5
  5.05689932277521251506E-09   8   2  10   8
 -1.12346838301138670507E-02   8   3   5   1
  5.95802927732495750627E-09   8   3   5   2
  3.74482106768790191320E-12   8   3   5   3
  3.86549980892865602256E-02   8   3   5   4
 -6.73953690921681191390E-09   8   3   8   1
 -1.27068165899184935125E-02   8   3   8   2
  3.98646025465981268532E-02   8   3   8   3
  1.64085779683811223972E-02   8   3   8   6
  2.41675799120380646601E-02   8   3  10   5
 -7.46835046114277415366E-09   8   4   5   1
 -1.40816818110559658500E-02   8   4   5   2
  5.80340795997150091234E-02   8   4   5   3
 -2.57155106667367962050E-12   8   4   5   4
  1.99840472340797568884E-02   8   4   6   5
 -1.60784660442222226973E-02   8   4   8   1
  8.52866459956142099388E-09   8   4   8   2
  6.14659506176345321604E-02   8   4   8   4
 -3.17862409732470482062E-12   8   4   8   6
  2.39472722612093756600E-02   8   4  10   8
  2.39121790539945196775E-07   8   5   1   1
  2.25425334099412705280E-01   8   5   2   1
 -2.39120587017159138816E-07   8   5   2   2
  7.37645151599825282113E-03   8   5   3   1
 -3.91208689009931986849E-09   8   5   3   2
  9.22143612992815399379E-12   8   5   3   3
  1.99184447143495102769E-09   8   5   4   1
  3.75625636890389996703E-03   8   5   4   2
  1.01357627252839907483E-01   8   5   4   3
 -2.79732704794403215686E-12   8   5   4   4
  6.95260058818449924365E-12   8   5   5   5
 -2.90630799278772736227E-03   8   5   6   1
  1.54112703903874010973E-09   8   5   6   2
  1.09042083728591088221E-01   8   5   6   4
 -1.26978150437754191196E-12   8   5   6   6
  2.40482989688274278601E-11   8   5   7   7
  1.55595021255486742895E-01   8   5   8   5
 -6.62822772551552438284E-12   8   5   8   8
  1.25791608776463365027E-01   8   5   9   7
 -2.37852654239034677630E-11   8   5   9   9
  4.36410547140466395795E-09   8   5  10   1
  8.22838031297890883098E-03   8   5  10   2
  6.79159842332098945272E-02   8   5  10   3
 -3.59557538644350100691E-12   8   5  10   4
 -9.20705961866681160677E-02   8   5  10   6
 -4.71134242729931429494E-12   8   5  10  10
 -4.80169958029355234408E-03   8   6   5   1
  2.54719802728607931127E-09   8   6   5   2
 -1.03195197195409236825E-12   8   6   5   3
  2.40979668323487890291E-02   8   6   5   4
 -3.00082092922821214792E-09   8   6   8   1
 -5.65940419292894000836E-03   8   6   8   2
  1.64085779683811223972E-02   8   6   8   3
 -3.17862056751149510937E-12   8   6   8   4
  2.24788014098719415856E-02   8   6   8   6
 -2.88771239233535405300E-03   8   6  10   5
  2.99760354726417938861E-12   8   7   7   5
  1.49017062395116108714E-02   8   7   8   7
  1.49017062395116126061E-02   8   7   9   5
  5.37319465824024566913E-01   8   8   1   1
 -2.23595810855969322139E-11   8   8   2   1
  5.37296128206713463626E-01   8   8   2   2
  3.35510999463648605634E-09   8   8   3   1
  6.32595823044337229879E-03   8   8   3   2
  4.31095366009128899698E-01   8   8   3   3
  7.61989775711250684476E-03   8   8   4   1
 -4.04175735913639462935E-09   8   8   4   2
 -6.32984417970266113020E-12   8   8   4   3
  3.99294553885078784550E-01   8   8   4   4
  4.36580823914860693957E-01   8   8   5   5
  2.48131205696817715020E-09   8   8   6   1
  4.67849523446050782893E-03   8   8   6   2
 -2.41235311208249161852E-02   8   8   6   3
 -4.11581183787282163048E-12   8   8   6   4
  4.06676926591781673359E-01   8   8   6   6
  4.02449111876845899705E-01   8   8   7   7
 -6.62815689232570396246E-12   8   8   8   5
  4.48485152732159442213E-01   8   8   8   8
 -4.71760000615177938629E-12   8   8   9   7
  4.11409755885513872542E-01   8   8   9   9
  9.86836478043976659787E-05   8   8  10   1
 -5.26605291767799391027E-11   8   8  10   2
 -2.40389452214206791678E-12   8   8  10   3
  2.30974956880307252804E-02   8   8  10   4
  2.53069885638667549768E-12   8   8  10   6
  4.57261405581399660303E-01   8   8  10  10
  1.17659390262337333757E-08   9   1   7   1
  1.13206567332199987269E-02   9   1   7   2
 -1.61707730920215390913E-02   9   1   7   3
 -6.60694259761731941627E-09   9   1   7   4
 -3.53638041375478997044E-03   9   1   7   6
  1.31787960792117842673E-02   9   1   9   1
 -2.98057767447731578209E-10   9   1   9   2
 -6.73753125943975452679E-09   9   1   9   3
 -1.60784660442222122889E-02   9   1   9   4
 -3.00021071222081159473E-09   9   1   9   6
 -4.08079435394286151323E-09   9   1  10   7
 -9.53392107517568934694E-03   9   1  10   9
  1.08627447000381339298E-02   9   2   7   1
 -1.17653185403535582653E-08   9   2   7   2
  8.57623730843333435418E-09   9   2   7   3
 -1.24572707974255989655E-02   9   2   7   4
  1.87582926830172993843E-09   9   2   7   6
 -2.98057764938318200003E-10   9   2   9   1
  1.26208294232239923854E-02   9   2   9   2
 -1.27068165899184865736E-02   9   2   9   3
  8.53060683797940637698E-09   9   2   9   4
 -5.65940419292893914099E-03   9   2   9   6
 -7.69369896219793732856E-03   9   2  10   7
  5.05809321857397797828E-09   9   2  10   9
 -1.12346838301138601118E-02   9   3   7   1
  5.95816212402350365465E-09   9   3   7   2
  1.29192764540554098954E-12   9   3   7   3
  3.86549980892865394089E-02   9   3   7   4
 -6.73753125503628914154E-09   9   3   9   1
 -1.27068165899184883083E-02   9   3   9   2
  3.98646025465981060365E-02   9   3   9   3
 -7.74268575396920836735E-12   9   3   9   4
  1.64085779683811154583E-02   9   3   9   6
  2.41675799120380542517E-02   9   3  10   7
 -4.76693684525741900870E-12   9   3  10   9
 -7.46872867988712833949E-09   9   4   7   1
 -1.40816818110559571764E-02   9   4   7   2
  5.80340795997149744290E-02   9   4   7   3
 -1.12901717815109643395E-12   9   4   7   4
  1.99840472340797430106E-02   9   4   7   6
 -1.60784660442222157584E-02   9   4   9   1
  8.53060683842169488743E-09   9   4   9   2
 -7.74269530791644867750E-12   9   4   9   3
  6.14659506176345182826E-02   9   4   9   4
 -6.40474382138986252435E-12   9   4   9   6
  2.39472722612093687211E-02   9   4  10   9
  1.49017062395116126061E-02   9   5   8   7
  1.49017062395116160756E-02   9   5   9   5
 -2.96698396787621052107E-12   9   5   9   8
 -4.80169958029354887463E-03   9   6   7   1
  2.54698997487617985414E-09   9   6   7   2
  2.40979668323487682124E-02   9   6   7   4
 -3.00021071185081039801E-09   9   6   9   1
 -5.65940419292893740627E-03   9   6   9   2
  1.64085779683811085194E-02   9   6   9   3
 -6.40474227679952670825E-12   9   6   9   4
  2.24788014098719277079E-02   9   6   9   6
 -2.88771239233535145091E-03   9   6  10   7
  2.39123755670747393806E-07   9   7   1   1
  2.25425334099412538746E-01   9   7   2   1
 -2.39118620030345494601E-07   9   7   2   2
  7.37645151599823373917E-03   9   7   3   1
 -3.91189282916455566152E-09   9   7   3   2
  8.66820262639677813313E-12   9   7   3   3
  1.99187638111751020826E-09   9   7   4   1
  3.75625636890388999237E-03   9   7   4   2
  1.01357627252839810339E-01   9   7   4   3
 -1.62923976934502871891E-12   9   7   4   4
  5.84914251887851742716E-12   9   7   5   5
 -2.90630799278772302546E-03   9   7   6   1
  1.54094027953080667700E-09   9   7   6   2
  1.50545576826653586330E-12   9   7   6   3
  1.09042083728591004954E-01   9   7   6   4
  2.99263643602270060450E-11   9   7   7   7
  1.25791608776463365027E-01   9   7   8   5
 -4.71764673030421361081E-12   9   7   8   8
  1.55595021255486520850E-01   9   7   9   7
 -2.85314272208125885300E-11   9   7   9   9
  4.36442683744842158494E-09   9   7  10   1
  8.22838031297889668791E-03   9   7  10   2
  6.79159842332098112605E-02   9   7  10   3
 -4.19699441778939955532E-12   9   7  10   4
 -9.20705961866681299455E-02   9   7  10   6
 -4.59074445124940666574E-12   9   7  10  10
  1.70658560190071126317E-02   9   8   7   5
 -2.96698873921173894431E-12   9   8   9   5
  1.85376984233225593213E-02   9   8   9   8
  5.37319465824024122824E-01   9   9   1   1
 -5.53547491258606899922E-11   9   9   2   1
  5.37296128206713019537E-01   9   9   2   2
  3.35403034785148516657E-09   9   9   3   1
  6.32595823044337837032E-03   9   9   3   2
  4.31095366009128733165E-01   9   9   3   3
  7.61989775711250511003E-03   9   9   4   1
 -4.04230714309242749057E-09   9   9   4   2
 -2.11654210021058494385E-11   9   9   4   3
  3.99294553885078618016E-01   9   9   4   4
  4.02449111876846066238E-01   9   9   5   5
  2.48173744810522303886E-09   9   9   6   1
  4.67849523446051216574E-03   9   9   6   2
 -2.41235311208249196546E-02   9   9   6   3
 -2.00762110089572645152E-11   9   9   6   4
  4.06676926591781451314E-01   9   9   6   6
  4.36580823914860138846E-01   9   9   7   7
 -2.37853017654507449400E-11   9   9   8   5
  4.11409755885513928053E-01   9   9   8   8
 -2.85314338888436126861E-11   9   9   9   7
  4.48485152732158998123E-01   9   9   9   9
  9.86836478043832867474E-05   9   9  10   1
 -5.38649058928376371458E-11   9   9  10   2
 -1.23445628948433141741E-11   9   9  10   3
  2.30974956880307079332E-02   9   9  10   4
  1.60069304156232479671E-11   9   9  10   6
  4.57261405581399271725E-01   9   9  10  10
  9.33876324698856979944E-02  10   1   1   1
  5.70538619769759222086E-08  10   1   2   1
  9.36714496209170854879E-02  10   1   2   2
  2.26019244603336855544E-08  10   1   3   1
  2.13972246287029502221E-02  10   1   3   2
 -1.24849117846886348282E-02  10   1   3   3
  1.26765358642632747221E-02  10   1   4   1
  2.09192382998774547459E-10  10   1   4   2
  5.36395267913486277495E-09  10   1   4   3
  1.34326378567668509173E-02  10   1   4   4
 -4.29236760125664782578E-03  10   1   5   5
 -7.92323691364578378218E-09  10   1   6   1
 -7.92850291326275581627E-03  10   1   6   2
  1.76070674068142841995E-02  10   1   6   3
  1.10985705509651611981E-08  10   1   6   4
  6.38779319987856086804E-03  10   1   6   6
 -4.29236760125664348897E-03  10   1   7   7
  4.36410546985523638381E-09  10   1   8   5
  9.86836478043776760011E-05  10   1   8   8
  4.36442682623886945186E-09  10   1   9   7
  9.86836478043771067950E-05  10   1   9   9
  2.93574492007663695459E-02  10   1  10   1
 -4.57405220841394141494E-10  10   1  10   2
 -3.77589836046711291798E-09  10   1  10   3
 -1.20248764859449321779E-02  10   1  10   4
 -3.68377952178703500146E-09  10   1  10   6
 -1.17644561008292160287E-02  10   1  10  10
  6.42765366355650026321E-08  10   2   1   1
  1.07288879847342602525E-01  10   2   2   1
 -1.63488555010751616977E-07  10   2   2   2
  2.12164494720673071915E-02  10   2   3   1
 -2.26007611832593979914E-08  10   2   3   2
  6.62283677045690865633E-09  10   2   3   3
  2.09232212861672048702E-10  10   2   4   1
  1.30729761970587617104E-02  10   2   4   2
  1.01109278659312108728E-02  10   2   4   3
 -7.12435638653529635124E-09  10   2   4   4
  2.27706426465811164073E-09  10   2   5   5
 -7.00897527332512877696E-03  10   2   6   1
  7.92180299096118548981E-09  10   2   6   2
 -9.33798411027366314598E-09  10   2   6   3
  2.09277359338408894263E-02  10   2   6   4
 -3.38875641605855672499E-09  10   2   6   6
  2.27826863656550140083E-09  10   2   7   7
  8.22838031297888281013E-03  10   2   8   5
 -5.26605563810318053245E-11  10   2   8   8
  8.22838031297887760596E-03  10   2   9   7
 -5.38649350817488326015E-11  10   2   9   9
 -4.57405207366876579538E-10  10   2  10   1
  2.84962304737867537507E-02  10   2  10   2
 -7.11934537708949159024E-03  10   2  10   3
  6.37850927603998513643E-09  10   2  10   4
 -6.94691260043262762830E-03  10   2  10   6
  6.23971509877696561830E-09  10   2  10  10
  1.54743752831666392681E-07  10   3   1   1
  1.45879470012455214611E-01  10   3   2   1
 -1.54741185578173683472E-07  10   3   2   2
  4.71346211157688994853E-03  10   3   3   1
 -2.49943609590011962111E-09  10   3   3   2
  5.12044603595846107265E-12  10   3   3   3
  5.42308768188331007407E-09  10   3   4   1
  1.02244362945327921938E-02  10   3   4   2
  4.53176453281105215409E-02  10   3   4   3
 -3.13975587716292340122E-12  10   3   4   4
  3.59918555212521641181E-12  10   3   5   5
  1.07109480307972394081E-02  10   3   6   1
 -5.68073036548498132765E-09  10   3   6   2
 -2.38463742978806990082E-12  10   3   6   3
  1.80848203092124695801E-02  10   3   6   4
  1.35399173942184583077E-11  10   3   7   7
  6.79159842332098945272E-02  10   3   8   5
 -2.40386543485451133500E-12  10   3   8   8
  6.79159842332098251383E-02  10   3   9   7
 -1.23446600164278663669E-11  10   3   9   9
 -3.77589836812115243791E-09  10   3  10   1
 -7.11934537708946556939E-03  10   3  10   2
  6.97323858444364869102E-02  10   3  10   3
 -3.23902059300371285007E-12  10   3  10   4
 -4.79625482034538655474E-02  10   3  10   6
 -2.47685205678749298386E-12  10   3  10  10
  4.18017922492643564936E-02  10   4   1   1
 -6.22517212933911370681E-11  10   4   2   1
  4.16995863881199357870E-02  10   4   2   2
 -1.37860331432432129872E-10  10   4   3   1
 -2.59969809757680970098E-04  10   4   3   2
  4.98463493424748937954E-02  10   4   3   3
  7.05020799461078279818E-03  10   4   4   1
 -3.73954815956342942570E-09  10   4   4   2
 -5.59925720010711232921E-12  10   4   4   3
 -1.21049833707931858012E-02  10   4   4   4
  3.13156116825835592610E-02  10   4   5   5
  6.29011324945701063291E-09  10   4   6   1
  1.18608291723649363764E-02  10   4   6   2
 -3.61596217976702175023E-02  10   4   6   3
 -1.05834078999773820856E-02  10   4   6   6
  3.13156116825835315054E-02  10   4   7   7
 -3.59560000686865067268E-12  10   4   8   5
  2.30974956880307218110E-02  10   4   8   8
 -4.19704603144613763460E-12  10   4   9   7
  2.30974956880307044638E-02  10   4   9   9
 -1.20248764859449807502E-02  10   4  10   1
  6.37850926627798832197E-09  10   4  10   2
 -3.23907141657260663876E-12  10   4  10   3
  3.84799553441655325936E-02  10   4  10   4
  3.93000998612310289970E-02  10   4  10  10
 -6.96012614696267170600E-03  10   5   5   1
  3.69116214160643677939E-09  10   5   5   2
  1.95239898034697692032E-12  10   5   5   3
  1.67467791076945128614E-02  10   5   5   4
 -4.08060599537754475303E-09  10   5   8   1
 -7.69369896219793993064E-03  10   5   8   2
  2.41675799120380646601E-02  10   5   8   3
 -2.88771239233535231827E-03  10   5   8   6
  2.52050390924676397109E-02  10   5  10   5
 -1.90794478541672667441E-07  10   6   1   1
 -1.79863195078501958424E-01  10   6   2   1
  1.90787314910847960053E-07  10   6   2   2
 -5.96683673461615229905E-03  10   6   3   1
  3.16448328154330224648E-09  10   6   3   2
 -9.46694008222305348416E-12  10   6   3   3
 -1.77186909199088878281E-09  10   6   4   1
 -3.34054244297664294436E-03  10   6   4   2
 -7.22164621532485201394E-02  10   6   4   3
  1.60839608191871721502E-12  10   6   4   4
 -5.94578758339360934505E-12  10   6   5   5
  1.82803830187184450720E-03  10   6   6   1
 -9.69967207495114392759E-10  10   6   6   2
  1.14855064572165603167E-12  10   6   6   3
 -9.41537834331247908137E-02  10   6   6   4
 -1.94219882245456442995E-11  10   6   7   7
 -9.20705961866681854566E-02  10   6   8   5
  2.53064366785087174517E-12  10   6   8   8
 -9.20705961866681160677E-02  10   6   9   7
  1.60069041355015428962E-11  10   6   9   9
 -3.68377954182124934864E-09  10   6  10   1
 -6.94691260043260941370E-03  10   6  10   2
 -4.79625482034538655474E-02  10   6  10   3
  9.30475192670659617677E-02  10   6  10   6
  1.78604353529010495549E-12  10   6  10  10
 -6.96012614696266650183E-03  10   7   7   1
  3.68996825182559556095E-09  10   7   7   2
  6.64225726188482849180E-12  10   7   7   3
  1.67467791076945093920E-02  10   7   7   4
 -1.61411417970095512976E-12  10   7   7   6
 -4.08079435265919631656E-09  10   7   9   1
 -7.69369896219793472647E-03  10   7   9   2
  2.41675799120380542517E-02  10   7   9   3
 -2.88771239233534451202E-03  10   7   9   6
  2.52050390924676327720E-02  10   7  10   7
 -4.57184519224272731213E-09  10   8   5   1
 -8.61981467490830627343E-03  10   8   5   2
  3.99154898009174766149E-02  10   8   5   3
 -1.43366152202384297446E-12  10   8   5   4
 -8.16588433433929408722E-03  10   8   6   5
 -9.53392107517569281638E-03  10   8   8   1
  5.05689932581717087209E-09  10   8   8   2
  2.39472722612093860683E-02  10   8   8   4
  3.21489712662659868347E-02  10   8  10   8
 -4.57203354949700746919E-09  10   9   7   1
 -8.61981467490830106926E-03  10   9   7   2
  3.99154898009174557982E-02  10   9   7   3
 -8.16588433433928541361E-03  10   9   7   6
 -9.53392107517568761221E-03  10   9   9   1
  5.05809322126372365766E-09  10   9   9   2
 -4.76693359234893216099E-12  10   9   9   3
  2.39472722612093825989E-02  10   9   9   4
  3.21489712662659937736E-02  10   9  10   9
  6.46727749310945676520E-01  10  10   1   1
 -6.47125227517068930248E-11  10  10   2   1
  6.46623615641699456269E-01  10  10   2   2
  4.30895196589080988877E-09  10  10   3   1
  8.12366246491662280516E-03  10  10   3   2
  5.08415399020819558373E-01  10  10   3   3
  1.81506993722479713360E-02  10  10   4   1
 -9.62687975379364682254E-09  10  10   4   2
 -9.24271362778761035298E-12  10  10   4   3
  4.15526694867888179985E-01  10  10   4   4
  4.55612004508739565356E-01  10  10   5   5
  1.02202329034139940767E-08  10  10   6   1
  1.92701752236474031788E-02  10  10   6   2
 -7.34961434664425233843E-02  10  10   6   3
  4.58791110653404055064E-01  10  10   6   6
  4.55612004508739065756E-01  10  10   7   7
 -4.71127102920370861239E-12  10  10   8   5
  4.57261405581399660303E-01  10  10   8   8
 -4.59078209274491148789E-12  10  10   9   7
  4.57261405581399382747E-01  10  10   9   9
 -1.17644561008291900078E-02  10  10  10   1
  6.23971508020382768403E-09  10  10  10   2
 -2.47677595902062708544E-12  10  10  10   3
  3.93000998612307445024E-02  10  10  10   4
  1.78604868235195370884E-12  10  10  10   6
  5.59809954274577359357E-01  10  10  10  10
 -1.39194401966372787172E+01   1   1   0   0
 -5.43641943053391186780E-10   2   1   0   0
 -1.39204647697133285789E+01   2   2   0   0
 -1.87498745909319970065E-07   3   1   0   0
 -3.53493882216220689507E-01   3   2   0   0
 -4.72528061258056553129E+00   3   3   0   0
 -3.73489611672953025767E-01   4   1   0   0
  1.98103238322703936000E-07   4   2   0   0
  3.93810046003806151078E-11   4   3   0   0
 -4.02154265485298356708E+00   4   4   0   0
 -4.15428642636564582347E+00   5   5   0   0
 -8.35259649043434658618E-08   6   1   0   0
 -1.57506240251302859212E-01   6   2   0   0
  4.14407588552750061339E-01   6   3   0   0
 -1.56676003891858577279E-11   6   4   0   0
 -4.13857905339447196269E+00   6   6   0   0
 -4.15428642636564227075E+00   7   7   0   0
  1.95248287869979492548E-12   8   5   0   0
 -4.06606397747454728631E+00   8   8   0   0
  8.41121794868049042040E-12   9   7   0   0
 -4.06606397747454550995E+00   9   9   0   0
 -1.61929057943626941718E-01  10   1   0   0
  8.58852884852726964705E-08  10   2   0   0
  1.69719273167316338952E-12  10   3   0   0
 -2.29403517726520594922E-01  10   4   0   0
  7.14616566156661023792E-12  10   6   0   0
 -4.30539918644326835562E+00  10  10   0   0
  8.06466672699531628155E+00   0   0   0   0
