&FCI NORB=10, NELEC=18, MS2=0, UHF=.FALSE., ORBSYM=1,1,1,1,1,1,1,1,1,1, ISYM=1, &END
  2.87089112862812134708E+00   1   1   1   1
  8.99123266765642721862E-10   1   1   2   1
  2.87213407154622402118E+00   1   1   2   2
  1.36776420126635347986E-10   1   1   3   1
  2.51830955156468361267E-01   1   1   3   2
  8.18223103572118359850E-01   1   1   3   3
  2.72483371644722693894E-01   1   1   4   1
  4.86739639351506804214E-11   1   1   4   2
  1.50747882922819986220E-10   1   1   4   3
  8.20992451508501863700E-01   1   1   4   4
  8.05689120849247708556E-01   1   1   5   5
  8.05689120849246709355E-01   1   1   6   6
  3.13565081087859628523E-11   1   1   7   1
  6.25555059566797327930E-02   1   1   7   2
 -2.53913113420739557091E-02   1   1   7   3
  6.85858486257522200273E-11   1   1   7   4
  8.04953156239234135505E-01   1   1   7   7
  1.61988354814026780802E-10   1   1   8   5
  8.26269487097834876010E-01   1   1   8   8
  1.62088515563126681349E-10   1   1   9   6
  8.26269487097836319300E-01   1   1   9   9
  6.20988729757325219616E-02   1   1  10   1
  1.46996154410277311537E-11   1   1  10   2
  4.72145777118869089534E-11   1   1  10   3
  6.24425002224567454734E-02   1   1  10   4
 -1.50758418189124542222E-10   1   1  10   7
  8.96738443970614085288E-01   1   1  10  10
  8.99123537456323192494E-10   2   1   1   1
  2.49271711047991484378E+00   2   1   2   1
 -8.98685015846428742200E-10   2   1   2   2
  2.52286627681309216786E-01   2   1   3   1
 -4.50591665525456638555E-11   2   1   3   2
  1.20873134683388119734E-12   2   1   3   3
  4.87586173507283581582E-11   2   1   4   1
  2.72205432581325013075E-01   2   1   4   2
  4.18020221363237631795E-01   2   1   4   3
 -1.14218579540689506992E-12   2   1   4   4
 -2.22387195205249582446E-12   2   1   5   5
  2.13629861345584082399E-12   2   1   6   6
  5.57032268082882364713E-02   2   1   7   1
 -1.00590448317551243051E-11   2   1   7   2
  1.90036824798297615535E-01   2   1   7   4
  4.49346868918258257608E-01   2   1   8   5
  4.24376959520158437451E-06   2   1   8   6
  2.22215493169660038334E-12   2   1   8   8
 -4.24376959520578226980E-06   2   1   9   5
  4.49346868918258424141E-01   2   1   9   6
 -2.13776218949135454750E-12   2   1   9   9
  1.29607604039399654905E-11   2   1  10   1
  7.19218792364545028706E-02   2   1  10   2
  1.30642196727818404867E-01   2   1  10   3
 -4.18141240640048705846E-01   2   1  10   7
  2.87213407154622402118E+00   2   2   1   1
 -8.98684312717690126984E-10   2   2   2   1
  2.87337874479880639456E+00   2   2   2   2
 -4.51409106300593824764E-11   2   2   3   1
  2.52039556453055757501E-01   2   2   3   2
  8.18196904029780403000E-01   2   2   3   3
  2.72681773624701861980E-01   2   2   4   1
 -1.47683190841363755583E-10   2   2   4   2
 -1.50738248583714485691E-10   2   2   4   3
  8.21060494936260654164E-01   2   2   4   4
  8.05686049556738614896E-01   2   2   5   5
  8.05686049556737615696E-01   2   2   6   6
 -8.82702505105813058235E-12   2   2   7   1
  6.25053450747484889982E-02   2   2   7   2
 -2.52581282668196301089E-02   2   2   7   3
 -6.84735018661144873222E-11   2   2   7   4
  8.05006088594932611713E-01   2   2   7   7
 -1.62091693570347463275E-10   2   2   8   5
  8.26275036130156070868E-01   2   2   8   8
 -1.61991681871254148276E-10   2   2   9   6
  8.26275036130157403136E-01   2   2   9   9
  6.22651628590871891733E-02   2   2  10   1
 -3.72021425446877967357E-11   2   2  10   2
 -4.70080347681331099716E-11   2   2  10   3
  6.23136098991704592831E-02   2   2  10   4
  1.50815179587943556764E-10   2   2  10   7
  8.96701291042940384912E-01   2   2  10  10
  1.36776414454396498636E-10   3   1   1   1
  2.52286627681309161275E-01   3   1   2   1
 -4.51409734286196268620E-11   3   1   2   2
  3.75610484377017703195E-02   3   1   3   1
  1.64090719571927663728E-12   3   1   3   3
  1.44753170135311134011E-11   3   1   4   1
  4.01095416430051684986E-02   3   1   4   2
  1.12552481825373956043E-02   3   1   4   3
  2.27670967129058378258E-12   3   1   4   4
  1.15767413250503959814E-12   3   1   5   5
  1.23203474091192157244E-12   3   1   6   6
  6.85240824193559389110E-03   3   1   7   1
  6.43064438134625764032E-03   3   1   7   4
  1.36788695912298607992E-12   3   1   7   7
  7.66333858744046043238E-03   3   1   8   5
  7.23749191207379773824E-08   3   1   8   6
  1.39317416412502901852E-12   3   1   8   8
 -7.23749191208081222983E-08   3   1   9   5
  7.66333858744046303446E-03   3   1   9   6
  1.31881745107920167470E-12   3   1   9   9
  4.44642412463495435985E-12   3   1  10   1
  1.23105782935937768663E-02   3   1  10   2
  9.97230819911169982447E-04   3   1  10   3
 -7.34933854793662095367E-03   3   1  10   7
  1.45083771385667859022E-12   3   1  10  10
  2.51830955156468305756E-01   3   2   1   1
 -4.50591748767986332874E-11   3   2   2   1
  2.52039556453055813012E-01   3   2   2   2
  3.76188204083774471731E-02   3   2   3   2
  8.82515624711248912460E-03   3   2   3   3
  4.01182008871844505982E-02   3   2   4   1
 -1.44557971378082768667E-11   3   2   4   2
 -2.00657424140437329484E-12   3   2   4   3
  1.26948440769467981587E-02   3   2   4   4
  6.56921530312178265920E-03   3   2   5   5
  6.56921530312177572031E-03   3   2   6   6
  6.83192043061660401332E-03   3   2   7   2
  4.52384176780963077891E-03   3   2   7   3
 -1.16352355757032172969E-12   3   2   7   4
  7.56556435158381532929E-03   3   2   7   7
 -1.37287815979883873306E-12   3   2   8   5
  7.44991878070603956441E-03   3   2   8   8
 -1.36860409683378383452E-12   3   2   9   6
  7.44991878070605170747E-03   3   2   9   9
  1.22994386548130607562E-02   3   2  10   1
 -4.42819572827890518351E-12   3   2  10   2
 -1.17294739513775512010E-03   3   2  10   4
  1.31484661027412428084E-12   3   2  10   7
  7.92968739118776744235E-03   3   2  10  10
  8.18223103572118359850E-01   3   3   1   1
  1.20890251835128952234E-12   3   3   2   1
  8.18196904029780403000E-01   3   3   2   2
  1.64097624202355026094E-12   3   3   3   1
  8.82515624711246657319E-03   3   3   3   2
  6.79319768595031847624E-01   3   3   3   3
  1.25950722953406916982E-02   3   3   4   1
 -2.24814070948796413096E-12   3   3   4   2
  6.25696871642728247309E-01   3   3   4   4
  6.45221034653141956028E-01   3   3   5   5
  6.45221034653141178872E-01   3   3   6   6
  2.40180551465181108176E-12   3   3   7   1
  1.33379462766117957984E-02   3   3   7   2
 -8.12866469589343665358E-02   3   3   7   3
  6.40838455252374594728E-01   3   3   7   7
  6.46561597605809557088E-01   3   3   8   8
  6.46561597605810667311E-01   3   3   9   9
 -1.01030517911666114367E-02   3   3  10   1
  1.83211699282513912529E-12   3   3  10   2
  7.94817662284458270605E-02   3   3  10   4
  7.01733592891838675598E-01   3   3  10  10
  2.72483371644722749405E-01   4   1   1   1
  4.87586443555153584221E-11   4   1   2   1
  2.72681773624701973002E-01   4   1   2   2
  1.44753065540437738732E-11   4   1   3   1
  4.01182008871844922315E-02   4   1   3   2
  1.25950722953406223092E-02   4   1   3   3
  4.38243117407730170543E-02   4   1   4   1
  2.08267227858360061704E-12   4   1   4   3
  1.27476812854867421754E-02   4   1   4   4
  7.87747816971566192090E-03   4   1   5   5
  7.87747816971565324728E-03   4   1   6   6
  3.98148686592446113111E-12   4   1   7   1
  1.10620900225516308191E-02   4   1   7   2
 -8.31623463304547480383E-04   4   1   7   3
  7.17158311180605013285E-03   4   1   7   7
  1.35240362752137862713E-12   4   1   8   5
  8.46038704720048807817E-03   4   1   8   8
  1.35523256869347680659E-12   4   1   9   6
  8.46038704720050369068E-03   4   1   9   9
  8.92989180385648367855E-03   4   1  10   1
  1.15917922616087737977E-12   4   1  10   3
  4.61593755589507527548E-03   4   1  10   4
 -1.23843264364875975363E-12   4   1  10   7
  1.16257149426233948042E-02   4   1  10  10
  4.86741050875158344480E-11   4   2   1   1
  2.72205432581325013075E-01   4   2   2   1
 -1.47683184395494234628E-10   4   2   2   2
  4.01095416430051407430E-02   4   2   3   1
 -1.44557806294241391364E-11   4   2   3   2
 -2.24817228371591790453E-12   4   2   3   3
  4.38834019626895624477E-02   4   2   4   2
  1.16391257885939784777E-02   4   2   4   3
 -2.34995976134492434597E-12   4   2   4   4
 -1.46678005441687422863E-12   4   2   5   5
 -1.39331506212464856268E-12   4   2   6   6
  1.10760138172327909922E-02   4   2   7   1
 -4.00170243717539542189E-12   4   2   7   2
  1.44023803511012220974E-03   4   2   7   4
 -1.30966360567594408358E-12   4   2   7   7
  7.57109725840122115004E-03   4   2   8   5
  7.15037637290454698369E-08   4   2   8   6
 -1.49837975026016787148E-12   4   2   8   8
 -7.15037637291108898972E-08   4   2   9   5
  7.57109725840122201740E-03   4   2   9   6
 -1.57184074783822680388E-12   4   2   9   9
  8.98435768933151385207E-03   4   2  10   2
  6.38777242322930306068E-03   4   2  10   3
 -6.93559594747105052914E-03   4   2  10   7
 -2.10207806022877363716E-12   4   2  10  10
  1.50747940767314963001E-10   4   3   1   1
  4.18020221363237687306E-01   4   3   2   1
 -1.50738318097531017287E-10   4   3   2   2
  1.12552481825374372376E-02   4   3   3   1
 -2.00654021471697709741E-12   4   3   3   2
  2.08271052173914701112E-12   4   3   4   1
  1.16391257885939992944E-02   4   3   4   2
  2.32839280659143527119E-01   4   3   4   3
 -1.30117595501303096496E-12   4   3   5   5
  1.20062293041752436450E-12   4   3   6   6
 -1.02036982934763893272E-04   4   3   7   1
  1.17642161469767594917E-01   4   3   7   4
  2.57828324511598538926E-01   4   3   8   5
  2.43500974420537347670E-06   4   3   8   6
  1.26103519050808419702E-12   4   3   8   8
 -2.43500974420766470082E-06   4   3   9   5
  2.57828324511598594437E-01   4   3   9   6
 -1.24061871886738117610E-12   4   3   9   9
  1.17228132221198985229E-12   4   3  10   1
  6.37418543060432746250E-03   4   3  10   2
  6.02710771844381862361E-02   4   3  10   3
 -2.33548239771134841236E-01   4   3  10   7
  8.20992451508501974722E-01   4   4   1   1
 -1.14206810394743241724E-12   4   4   2   1
  8.21060494936260543142E-01   4   4   2   2
  2.27674419668843356255E-12   4   4   3   1
  1.26948440769468276490E-02   4   4   3   2
  6.25696871642728358331E-01   4   4   3   3
  1.27476812854867265629E-02   4   4   4   1
 -2.34992352889221816125E-12   4   4   4   2
  6.32881630167625885974E-01   4   4   4   4
  6.27273933718712095597E-01   4   4   5   5
  6.27273933718711318441E-01   4   4   6   6
  3.86720298042631817868E-04   4   4   7   2
 -9.96878280108319005104E-04   4   4   7   3
  6.37282665770842249309E-01   4   4   7   7
  6.36553750897798531483E-01   4   4   8   8
  6.36553750897799530684E-01   4   4   9   9
  5.71023719209130982410E-03   4   4  10   1
 -1.04346330095398134734E-12   4   4  10   2
  8.88754643215120335165E-03   4   4  10   4
  6.59910057993057352910E-01   4   4  10  10
  1.40358550134631488576E-02   5   1   5   1
 -3.48893903240174512186E-12   5   1   5   3
 -1.93290950284377323343E-02   5   1   5   4
  5.32762670799002359880E-12   5   1   8   1
  1.47001184025578376241E-02   5   1   8   2
 -1.84793837537099818469E-02   5   1   8   3
 -3.79697632240817428907E-12   5   1   8   4
 -4.79835230001496564761E-03   5   1   8   7
 -1.38832425099287999522E-07   5   1   9   2
  1.74524965759569133935E-07   5   1   9   3
  4.53171102469471982787E-08   5   1   9   7
 -4.43676394043018406527E-03   5   1  10   5
  1.41147466802854729823E-02   5   2   5   2
 -1.97340494963249221683E-02   5   2   5   3
  3.61521657898318611445E-12   5   2   5   4
 -3.82039284448390265708E-03   5   2   7   5
  1.48703833669589953470E-02   5   2   8   1
 -5.33498435734440422079E-12   5   2   8   2
  3.29985191068905063067E-12   5   2   8   3
 -2.12450493268717503781E-02   5   2   8   4
 -1.40440459624593019140E-07   5   2   9   1
  2.00644759357229349692E-07   5   2   9   4
 -4.92107641499582061650E-03   5   2  10   8
  4.64761544147797339487E-08   5   2  10   9
 -3.48893862917951289796E-12   5   3   5   1
 -1.97340494963249152294E-02   5   3   5   2
  1.02450720458085176023E-01   5   3   5   3
  9.38743626340403196362E-03   5   3   7   5
 -2.07747103989324687079E-02   5   3   8   1
  3.71546377478486817613E-12   5   3   8   2
  1.02319991839291704605E-01   5   3   8   4
  1.96202734320678297408E-07   5   3   9   1
 -9.66341373190440972219E-07   5   3   9   4
  2.86991856324114724686E-02   5   3  10   8
 -2.71043907988468134887E-07   5   3  10   9
 -1.93290950284377323343E-02   5   4   5   1
  3.61521920377833562406E-12   5   4   5   2
  9.07697013069892338910E-02   5   4   5   4
 -3.58004786502640331526E-12   5   4   8   1
 -2.00605177304764466240E-02   5   4   8   2
  8.55954369173131668358E-02   5   4   8   3
  2.71190957649485690772E-02   5   4   8   7
  1.89457679795612225754E-07   5   4   9   2
 -8.08389548930064995741E-07   5   4   9   3
 -2.56121054840794925101E-07   5   4   9   7
  1.45703277133300435758E-02   5   4  10   5
  8.05689120849247708556E-01   5   5   1   1
 -2.22380426605746704282E-12   5   5   2   1
  8.05686049556738725919E-01   5   5   2   2
  1.15767622824934398114E-12   5   5   3   1
  6.56921530312178526129E-03   5   5   3   2
  6.45221034653141956028E-01   5   5   3   3
  7.87747816971564630839E-03   5   5   4   1
 -1.46676330454559333058E-12   5   5   4   2
 -1.30129609071275201230E-12   5   5   4   3
  6.27273933718712206620E-01   5   5   4   4
  6.69902492055520437653E-01   5   5   5   5
  6.16726114321144214259E-01   5   5   6   6
  5.34981316727699014041E-03   5   5   7   2
 -3.39928300115430667705E-02   5   5   7   3
  6.18468856168638225768E-01   5   5   7   7
 -1.60642678754053792404E-12   5   5   8   5
  6.77553048706973304327E-01   5   5   8   8
 -1.31224565873510754359E-12   5   5   9   6
 -5.18459921216327320828E-07   5   5   9   8
  6.22656491047100524305E-01   5   5   9   9
 -2.92116756704095337574E-03   5   5  10   1
  4.64450723730580605775E-02   5   5  10   4
  1.22355891229075830970E-12   5   5  10   7
  6.60868400966923563722E-01   5   5  10  10
  1.40358550134631315104E-02   6   1   6   1
 -3.67938843742324026751E-12   6   1   6   3
 -1.93290950284377115176E-02   6   1   6   4
  1.38832425099173226557E-07   6   1   8   2
 -1.74524965759412803417E-07   6   1   8   3
 -4.53171102469072686162E-08   6   1   8   7
  5.33554651817924863799E-12   6   1   9   1
  1.47001184025578410935E-02   6   1   9   2
 -1.84793837537099887858E-02   6   1   9   3
 -3.81186291212545595212E-12   6   1   9   4
 -4.79835230001496738234E-03   6   1   9   7
 -4.43676394043017799373E-03   6   1  10   6
  1.41147466802854573698E-02   6   2   6   2
 -1.97340494963248978821E-02   6   2   6   3
  3.41481518509179676331E-12   6   2   6   4
 -3.82039284448389832027E-03   6   2   7   6
  1.40440459624465620091E-07   6   2   8   1
 -2.00644759357023626565E-07   6   2   8   4
  1.48703833669590005512E-02   6   2   9   1
 -5.32876055653391129027E-12   6   2   9   2
  3.30267318979534978688E-12   6   2   9   3
 -2.12450493268717573170E-02   6   2   9   4
 -4.64761544147377197910E-08   6   2  10   8
 -4.92107641499582061650E-03   6   2  10   9
 -3.67938511176146962425E-12   6   3   6   1
 -1.97340494963248909432E-02   6   3   6   2
  1.02450720458085037246E-01   6   3   6   3
  9.38743626340402329000E-03   6   3   7   6
 -1.96202734320510373126E-07   6   3   8   1
  9.66341373189504577296E-07   6   3   8   4
 -2.07747103989324721773E-02   6   3   9   1
  3.71828372124639081124E-12   6   3   9   2
  1.02319991839291732361E-01   6   3   9   4
  2.71043907988238483079E-07   6   3  10   8
  2.86991856324114794075E-02   6   3  10   9
 -1.93290950284377080481E-02   6   4   6   1
  3.41481509101915083190E-12   6   4   6   2
  9.07697013069890951131E-02   6   4   6   4
 -1.89457679795455815826E-07   6   4   8   2
  8.08389548929523529930E-07   6   4   8   3
  2.56121054840582584529E-07   6   4   8   7
 -3.59492804126379132919E-12   6   4   9   1
 -2.00605177304764500934E-02   6   4   9   2
  8.55954369173131668358E-02   6   4   9   3
  2.71190957649485725467E-02   6   4   9   7
  1.45703277133300210244E-02   6   4  10   6
  2.65881888671877682218E-02   6   5   6   5
  5.18459921209971609109E-07   6   5   8   8
  2.74482788299369069585E-02   6   5   9   8
 -5.18459921404621792091E-07   6   5   9   9
  8.05689120849246931400E-01   6   6   1   1
  2.13637701856833321081E-12   6   6   2   1
  8.05686049556737504673E-01   6   6   2   2
  1.23203535700890308721E-12   6   6   3   1
  6.56921530312177832239E-03   6   6   3   2
  6.45221034653141178872E-01   6   6   3   3
  7.87747816971572610567E-03   6   6   4   1
 -1.39333606626217691177E-12   6   6   4   2
  1.20047607383681089423E-12   6   6   4   3
  6.27273933718711429464E-01   6   6   4   4
  6.16726114321144214259E-01   6   6   5   5
  6.69902492055518883340E-01   6   6   6   6
  5.34981316727698580360E-03   6   6   7   2
 -3.39928300115430181982E-02   6   6   7   3
  6.18468856168637448611E-01   6   6   7   7
  1.26087423720169100498E-12   6   6   8   5
  6.22656491047098969993E-01   6   6   8   8
  1.54494292911423839340E-12   6   6   9   6
  5.18459921399265579249E-07   6   6   9   8
  6.77553048706973637394E-01   6   6   9   9
 -2.92116756704092778857E-03   6   6  10   1
  4.64450723730579981274E-02   6   6  10   4
 -1.15264913859087921622E-12   6   6  10   7
  6.60868400966922675543E-01   6   6  10  10
  3.13565163752827908468E-11   7   1   1   1
  5.57032268082882434101E-02   7   1   2   1
 -8.82702687821699629424E-12   7   1   2   2
  6.85240824193559822791E-03   7   1   3   1
  2.40179425686559225566E-12   7   1   3   3
  3.98149159211826562056E-12   7   1   4   1
  1.10760138172327996658E-02   7   1   4   2
 -1.02036982934770547563E-04   7   1   4   3
  1.46971058736815735069E-02   7   1   7   1
 -3.40390229022521617356E-12   7   1   7   3
 -1.77670236746623536050E-02   7   1   7   4
 -1.56139460608194268268E-03   7   1   8   5
 -1.47462893673974236927E-08   7   1   8   6
  1.47462893674108769581E-08   7   1   9   5
 -1.56139460608194311636E-03   7   1   9   6
 -4.62776818876911229957E-12   7   1  10   1
 -1.26542578328073460070E-02   7   1  10   2
  1.81114408290366409038E-02   7   1  10   3
  3.70890782224085157497E-12   7   1  10   4
  2.66027417196671410460E-03   7   1  10   7
  2.38366141061541192414E-12   7   1  10  10
  6.25555059566797327930E-02   7   2   1   1
 -1.00590226380789832054E-11   7   2   2   1
  6.25053450747485167538E-02   7   2   2   2
  6.83192043061661181957E-03   7   2   3   2
  1.33379462766118027373E-02   7   2   3   3
  1.10620900225516238802E-02   7   2   4   1
 -4.00170362449147968755E-12   7   2   4   2
  3.86720298042624174243E-04   7   2   4   4
  5.34981316727699187513E-03   7   2   5   5
  5.34981316727698580360E-03   7   2   6   6
  1.49776632794486400102E-02   7   2   7   2
 -1.88211793761515963630E-02   7   2   7   3
  3.24590055636270966992E-12   7   2   7   4
 -1.61986472323791090566E-03   7   2   7   7
  4.42215047772694276607E-03   7   2   8   8
  4.42215047772694970496E-03   7   2   9   9
 -1.30165144474409001651E-02   7   2  10   1
  4.62916098047835398176E-12   7   2  10   2
 -3.23685156109461244406E-12   7   2  10   3
  2.07267801680677959952E-02   7   2  10   4
  1.32734163800470889721E-02   7   2  10  10
 -2.53913113420739695869E-02   7   3   1   1
 -2.52581282668196613339E-02   7   3   2   2
  4.52384176780963164627E-03   7   3   3   2
 -8.12866469589343249025E-02   7   3   3   3
 -8.31623463304546396181E-04   7   3   4   1
 -9.96878280108348495403E-04   7   3   4   4
 -3.39928300115430181982E-02   7   3   5   5
 -3.39928300115429765649E-02   7   3   6   6
 -3.40390272729959120738E-12   7   3   7   1
 -1.88211793761515998324E-02   7   3   7   2
  1.07974427262085767576E-01   7   3   7   3
 -1.50661893398048515880E-02   7   3   7   7
 -2.45441895790439283676E-02   7   3   8   8
 -2.45441895790439734704E-02   7   3   9   9
  2.25570074997215354318E-02   7   3  10   1
 -4.03614357799182488206E-12   7   3  10   2
 -9.72578770560167948922E-02   7   3  10   4
 -7.18895077850144892384E-02   7   3  10  10
  6.85859021970456586685E-11   7   4   1   1
  1.90036824798297643291E-01   7   4   2   1
 -6.84735500946526017087E-11   7   4   2   2
  6.43064438134624723198E-03   7   4   3   1
 -1.16352857514378763491E-12   7   4   3   2
  1.44023803511010486250E-03   7   4   4   2
  1.17642161469767608795E-01   7   4   4   3
 -1.77670236746623570745E-02   7   4   7   1
  3.24589675701925219917E-12   7   4   7   2
  1.39324500534440259836E-01   7   4   7   4
  1.27299221866836315131E-01   7   4   8   5
  1.20225287994517587238E-06   7   4   8   6
 -1.20225287994623487532E-06   7   4   9   5
  1.27299221866836342887E-01   7   4   9   6
  4.08900049671360045104E-12   7   4  10   1
  2.28713887239527791095E-02   7   4  10   2
 -4.96357861074170694793E-02   7   4  10   3
 -1.33642078318208651355E-01   7   4  10   7
 -3.82039284448390265708E-03   7   5   5   2
  9.38743626340403022890E-03   7   5   5   3
  3.05079959588130181225E-02   7   5   7   5
 -4.06050157439270201915E-03   7   5   8   1
  2.21008507732312342586E-02   7   5   8   4
  3.83486217767027459327E-08   7   5   9   1
 -2.08727210596561950682E-07   7   5   9   4
 -2.38528387786762323397E-02   7   5  10   8
  2.25273522461558069186E-07   7   5  10   9
 -3.82039284448389788659E-03   7   6   6   2
  9.38743626340401982056E-03   7   6   6   3
  3.05079959588129868975E-02   7   6   7   6
 -3.83486217766667337976E-08   7   6   8   1
  2.08727210596396196922E-07   7   6   8   4
 -4.06050157439270288651E-03   7   6   9   1
  2.21008507732312411975E-02   7   6   9   4
 -2.25273522461347422680E-07   7   6  10   8
 -2.38528387786762323397E-02   7   6  10   9
  8.04953156239234246527E-01   7   7   1   1
  8.05006088594932833757E-01   7   7   2   2
  1.36787883398916675021E-12   7   7   3   1
  7.56556435158390119811E-03   7   7   3   2
  6.40838455252374594728E-01   7   7   3   3
  7.17158311180601977519E-03   7   7   4   1
 -1.30964321858749425121E-12   7   7   4   2
  6.37282665770842249309E-01   7   7   4   4
  6.18468856168638225768E-01   7   7   5   5
  6.18468856168637559634E-01   7   7   6   6
 -1.61986472323789420895E-03   7   7   7   2
 -1.50661893398048602616E-02   7   7   7   3
  6.83845968730754427689E-01   7   7   7   7
  6.24793095736528636408E-01   7   7   8   8
  6.24793095736529746631E-01   7   7   9   9
  5.48190522499811348084E-03   7   7  10   1
  1.28029110173294609354E-03   7   7  10   4
  7.03169229080927937758E-01   7   7  10  10
  5.32762750779862060610E-12   8   1   5   1
  1.48703833669589936123E-02   8   1   5   2
 -2.07747103989324721773E-02   8   1   5   3
 -3.58004578919629850386E-12   8   1   5   4
  1.40440459624452702838E-07   8   1   6   2
 -1.96202734320481282838E-07   8   1   6   3
 -4.06050157439270288651E-03   8   1   7   5
 -3.83486217766671043745E-08   8   1   7   6
  1.56668519432735173225E-02   8   1   8   1
 -3.58254124909339118120E-12   8   1   8   3
 -2.23957983034253592380E-02   8   1   8   4
 -5.17268795227467017422E-03   8   1  10   8
  1.47001184025578376241E-02   8   2   5   1
 -5.33498569116381113906E-12   8   2   5   2
  3.71546209009990782546E-12   8   2   5   3
 -2.00605177304764500934E-02   8   2   5   4
  1.38832425099175000033E-07   8   2   6   1
 -1.89457679795451183614E-07   8   2   6   4
  1.53969286207976986669E-02   8   2   8   2
 -1.91517164918034235588E-02   8   2   8   3
  3.96292628775843561402E-12   8   2   8   4
 -5.07350108981420664517E-03   8   2   8   7
 -4.50017338164880598139E-03   8   2  10   5
 -4.25010171232604330054E-08   8   2  10   6
 -1.84793837537099818469E-02   8   3   5   1
  3.29985787588108268001E-12   8   3   5   2
  8.55954369173131529580E-02   8   3   5   4
 -1.74524965759404068389E-07   8   3   6   1
  8.08389548929348511747E-07   8   3   6   4
 -3.58254024292926854807E-12   8   3   8   1
 -1.91517164918034166199E-02   8   3   8   2
  8.25352283589410040676E-02   8   3   8   3
  1.92795640153111125237E-02   8   3   8   7
  2.08717999895157539647E-02   8   3  10   5
  1.97119678180618530475E-07   8   3  10   6
 -3.79697511972010317743E-12   8   4   5   1
 -2.12450493268717469086E-02   8   4   5   2
  1.02319991839291732361E-01   8   4   5   3
 -2.00644759357026141194E-07   8   4   6   2
  9.66341373189477472242E-07   8   4   6   3
  2.21008507732312307892E-02   8   4   7   5
  2.08727210596384550219E-07   8   4   7   6
 -2.23957983034253557686E-02   8   4   8   1
  3.96292929222808112855E-12   8   4   8   2
  1.08292992645473720725E-01   8   4   8   4
  1.85091969647379027408E-02   8   4  10   8
  1.61988398559201229849E-10   8   5   1   1
  4.49346868918258313119E-01   8   5   2   1
 -1.62091566468697200125E-10   8   5   2   2
  7.66333858744048124906E-03   8   5   3   1
 -1.37282696796692166970E-12   8   5   3   2
  1.35242119700653685458E-12   8   5   4   1
  7.57109725840125844659E-03   8   5   4   2
  2.57828324511598427904E-01   8   5   4   3
 -1.60641222611372971943E-12   8   5   5   5
  1.26086988792754049114E-12   8   5   6   6
 -1.56139460608193856271E-03   8   5   7   1
  1.27299221866836315131E-01   8   5   7   4
  3.20928614026200320630E-01   8   5   8   5
  2.78178834344027962750E-06   8   5   8   6
  1.56254662988275336268E-12   8   5   8   8
 -2.78178834344310829403E-06   8   5   9   5
  2.68164574978851322218E-01   8   5   9   6
 -1.29449229113731689722E-12   8   5   9   9
  1.07470697907138079640E-12   8   5  10   1
  5.97912174153900684986E-03   8   5  10   2
  6.61378884975393349643E-02   8   5  10   3
 -2.44882492200147405814E-01   8   5  10   7
  4.24376959520177495693E-06   8   6   2   1
  7.23749191207200176369E-08   8   6   3   1
  7.15037637290207073581E-08   8   6   4   2
  2.43500974420530105538E-06   8   6   4   3
 -1.47462893674027226117E-08   8   6   7   1
  1.20225287994515554359E-06   8   6   7   4
  2.78178834344067476837E-06   8   6   8   5
  2.63820195499465601219E-02   8   6   8   6
  2.63820194974024729850E-02   8   6   9   5
  2.78178834344745823173E-06   8   6   9   6
  5.64686588644373413001E-08   8   6  10   2
  6.24626496168486496821E-07   8   6  10   3
 -2.31274533479663133207E-06   8   6  10   7
 -4.79835230001496478025E-03   8   7   5   1
  2.71190957649485656078E-02   8   7   5   4
 -4.53171102469014849693E-08   8   7   6   1
  2.56121054840561144007E-07   8   7   6   4
 -5.07350108981420491044E-03   8   7   8   2
  1.92795640153111194626E-02   8   7   8   3
  2.99896296595624674286E-02   8   7   8   7
 -2.04972573038052358063E-02   8   7  10   5
 -1.93582382225812579965E-07   8   7  10   6
  8.26269487097834876010E-01   8   8   1   1
  2.22224136717775080199E-12   8   8   2   1
  8.26275036130155959846E-01   8   8   2   2
  1.39316101975654963463E-12   8   8   3   1
  7.44991878070603002343E-03   8   8   3   2
  6.46561597605809668110E-01   8   8   3   3
  8.46038704720053144626E-03   8   8   4   1
 -1.49838855543471698967E-12   8   8   4   2
  1.26092471486768993522E-12   8   8   4   3
  6.36553750897798642505E-01   8   8   4   4
  6.77553048706973193305E-01   8   8   5   5
  5.18459921209975844273E-07   8   8   6   5
  6.22656491047098747948E-01   8   8   6   6
  4.42215047772693322509E-03   8   8   7   2
 -2.45441895790439526537E-02   8   8   7   3
  6.24793095736528414363E-01   8   8   7   7
  1.56249217387831076033E-12   8   8   8   5
  6.87379771566697161944E-01   8   8   8   8
  1.34375470405971731653E-12   8   8   9   6
  6.30111547985644171455E-01   8   8   9   9
 -1.55627304408112454581E-03   8   8  10   1
  3.99544763771873256974E-02   8   8  10   4
 -1.19901168406094644136E-12   8   8  10   7
  6.65268224832796351009E-01   8   8  10  10
 -1.40440459624592886791E-07   9   1   5   2
  1.96202734320665936021E-07   9   1   5   3
  5.33554529621303784054E-12   9   1   6   1
  1.48703833669589988165E-02   9   1   6   2
 -2.07747103989324756468E-02   9   1   6   3
 -3.59493359338668248929E-12   9   1   6   4
  3.83486217767014092089E-08   9   1   7   5
 -4.06050157439270375387E-03   9   1   7   6
  1.56668519432735450780E-02   9   1   9   1
 -3.39210408438502480968E-12   9   1   9   3
 -2.23957983034253939325E-02   9   1   9   4
 -5.17268795227467798048E-03   9   1  10   9
 -1.38832425099302796129E-07   9   2   5   1
  1.89457679795628557608E-07   9   2   5   4
  1.47001184025578410935E-02   9   2   6   1
 -5.32876285235538309648E-12   9   2   6   2
  3.71828327210499594937E-12   9   2   6   3
 -2.00605177304764570323E-02   9   2   6   4
  1.53969286207977212183E-02   9   2   9   2
 -1.91517164918034547838E-02   9   2   9   3
  4.16332030396014479920E-12   9   2   9   4
 -5.07350108981421531879E-03   9   2   9   7
  4.25010171232993501989E-08   9   2  10   5
 -4.50017338164880771612E-03   9   2  10   6
  1.74524965759586206943E-07   9   3   5   1
 -8.08389548930293694637E-07   9   3   5   4
 -1.84793837537099853163E-02   9   3   6   1
  3.30267460356270560349E-12   9   3   6   2
  8.55954369173131945914E-02   9   3   6   4
 -3.39210043429013200015E-12   9   3   9   1
 -1.91517164918034478449E-02   9   3   9   2
  8.25352283589411428455E-02   9   3   9   3
  1.92795640153111506876E-02   9   3   9   7
 -1.97119678180817292050E-07   9   3  10   5
  2.08717999895157643730E-02   9   3  10   6
  2.00644759357238667054E-07   9   4   5   2
 -9.66341373190407090902E-07   9   4   5   3
 -3.81185827693520367431E-12   9   4   6   1
 -2.12450493268717538475E-02   9   4   6   2
  1.02319991839291746238E-01   9   4   6   3
 -2.08727210596587017563E-07   9   4   7   5
  2.21008507732312411975E-02   9   4   7   6
 -2.23957983034253904631E-02   9   4   9   1
  4.16332142885458056191E-12   9   4   9   2
  1.08292992645473915014E-01   9   4   9   4
  1.85091969647379270270E-02   9   4  10   9
 -4.24376959520567639068E-06   9   5   2   1
 -7.23749191207831612962E-08   9   5   3   1
 -7.15037637290874641423E-08   9   5   4   2
 -2.43500974420746056588E-06   9   5   4   3
  1.47462893674137869795E-08   9   5   7   1
 -1.20225287994626642730E-06   9   5   7   4
 -2.78178834344304857820E-06   9   5   8   5
  2.63820194974024660461E-02   9   5   8   6
  2.63820195499466295108E-02   9   5   9   5
 -2.78178834345153923647E-06   9   5   9   6
 -5.64686588644903933559E-08   9   5  10   2
 -6.24626496169117430488E-07   9   5  10   3
  2.31274533479913219685E-06   9   5  10   7
  1.62088310304916506095E-10   9   6   1   1
  4.49346868918258424141E-01   9   6   2   1
 -1.61991578092118730569E-10   9   6   2   2
  7.66333858744046303446E-03   9   6   3   1
 -1.36857574714994130427E-12   9   6   3   2
  1.35521712701680740592E-12   9   6   4   1
  7.57109725840123242574E-03   9   6   4   2
  2.57828324511598483415E-01   9   6   4   3
 -1.31224183640199520519E-12   9   6   5   5
  1.54499434782020091710E-12   9   6   6   6
 -1.56139460608194658581E-03   9   6   7   1
  1.27299221866836315131E-01   9   6   7   4
  2.68164574978851266707E-01   9   6   8   5
  2.78178834344752048865E-06   9   6   8   6
  1.34376696652912537688E-12   9   6   8   8
 -2.78178834345172304262E-06   9   6   9   5
  3.20928614026200653697E-01   9   6   9   6
 -1.50354728667423387378E-12   9   6   9   9
  1.08132418493716653820E-12   9   6  10   1
  5.97912174153899991097E-03   9   6  10   2
  6.61378884975393349643E-02   9   6  10   3
 -2.44882492200147433570E-01   9   6  10   7
  4.53171102469401506999E-08   9   7   5   1
 -2.56121054840795666254E-07   9   7   5   4
 -4.79835230001496651497E-03   9   7   6   1
  2.71190957649485725467E-02   9   7   6   4
 -5.07350108981421358406E-03   9   7   9   2
  1.92795640153111506876E-02   9   7   9   3
  2.99896296595625194703E-02   9   7   9   7
  1.93582382226019123655E-07   9   7  10   5
 -2.04972573038052462147E-02   9   7  10   6
 -5.18459921216034035670E-07   9   8   5   5
  2.74482788299369069585E-02   9   8   6   5
  5.18459921398823216292E-07   9   8   6   6
  2.86341117905271162758E-02   9   8   9   8
  8.26269487097836208278E-01   9   9   1   1
 -2.13791967848739271163E-12   9   9   2   1
  8.26275036130157514158E-01   9   9   2   2
  1.31875067525967816263E-12   9   9   3   1
  7.44991878070609073875E-03   9   9   3   2
  6.46561597605810556288E-01   9   9   3   3
  8.46038704720052797681E-03   9   9   4   1
 -1.57189982788113459266E-12   9   9   4   2
 -1.24076387118209100542E-12   9   9   4   3
  6.36553750897799530684E-01   9   9   4   4
  6.22656491047100524305E-01   9   9   5   5
 -5.18459921405061931586E-07   9   9   6   5
  6.77553048706973637394E-01   9   9   6   6
  4.42215047772695837858E-03   9   9   7   2
 -2.45441895790439734704E-02   9   9   7   3
  6.24793095736529524586E-01   9   9   7   7
 -1.29458550971329058964E-12   9   9   8   5
  6.30111547985644171455E-01   9   9   8   8
 -1.50353136168099661625E-12   9   9   9   6
  6.87379771566699604435E-01   9   9   9   9
 -1.55627304408113256891E-03   9   9  10   1
  3.99544763771873603919E-02   9   9  10   4
  1.17690778593904497059E-12   9   9  10   7
  6.65268224832797239188E-01   9   9  10  10
  6.20988729757325150227E-02  10   1   1   1
  1.29607685082830157335E-11  10   1   2   1
  6.22651628590872238678E-02  10   1   2   2
  4.44642738447987732522E-12  10   1   3   1
  1.22994386548130746339E-02  10   1   3   2
 -1.01030517911666253145E-02  10   1   3   3
  8.92989180385649061744E-03  10   1   4   1
  1.17227374060202983519E-12  10   1   4   3
  5.71023719209131589564E-03  10   1   4   4
 -2.92116756704095077365E-03  10   1   5   5
 -2.92116756704094730421E-03  10   1   6   6
 -4.62776768916724761069E-12  10   1   7   1
 -1.30165144474409018999E-02  10   1   7   2
  2.25570074997215354318E-02  10   1   7   3
  4.08900245418015545385E-12  10   1   7   4
  5.48190522499812041973E-03  10   1   7   7
  1.07470636997192640338E-12  10   1   8   5
 -1.55627304408113929096E-03  10   1   8   8
  1.08132789282257926766E-12  10   1   9   6
 -1.55627304408114189305E-03  10   1   9   9
  2.09647801926798708905E-02  10   1  10   1
 -3.47946354566556493520E-12  10   1  10   3
 -2.31546901821351285011E-02  10   1  10   4
 -1.31773337429583343285E-12  10   1  10   7
 -1.07739073164555242135E-02  10   1  10  10
  1.46996658802680291288E-11  10   2   1   1
  7.19218792364544889928E-02  10   2   2   1
 -3.72021369082917883895E-11  10   2   2   2
  1.23105782935937647232E-02  10   2   3   1
 -4.42819005947356623427E-12  10   2   3   2
  1.83210685884856563798E-12  10   2   3   3
  8.98435768933151385207E-03  10   2   4   2
  6.37418543060432052361E-03  10   2   4   3
 -1.04347639946315499072E-12  10   2   4   4
 -1.26542578328073512112E-02  10   2   7   1
  4.62915778999326451008E-12  10   2   7   2
 -4.03614145063534360995E-12  10   2   7   3
  2.28713887239527791095E-02  10   2   7   4
  5.97912174153899904361E-03  10   2   8   5
  5.64686588644488556542E-08  10   2   8   6
 -5.64686588644999555637E-08  10   2   9   5
  5.97912174153900077833E-03  10   2   9   6
  2.05522196706877588457E-02  10   2  10   2
 -1.90320325461171974135E-02  10   2  10   3
  4.18537185716346672656E-12  10   2  10   4
 -7.28034951455734484493E-03  10   2  10   7
  1.94518273016752729632E-12  10   2  10  10
  4.72145280598756180977E-11  10   3   1   1
  1.30642196727818377111E-01  10   3   2   1
 -4.70080794722603631352E-11  10   3   2   2
  9.97230819911187329682E-04  10   3   3   1
  1.15917849085240494723E-12  10   3   4   1
  6.38777242322929351970E-03  10   3   4   2
  6.02710771844381931750E-02  10   3   4   3
  1.81114408290366443732E-02  10   3   7   1
 -3.23684532378943653481E-12  10   3   7   2
 -4.96357861074170972349E-02  10   3   7   4
  6.61378884975393627199E-02  10   3   8   5
  6.24626496168507778524E-07  10   3   8   6
 -6.24626496169069784885E-07  10   3   9   5
  6.61378884975393765977E-02  10   3   9   6
 -3.47945898642283718715E-12  10   3  10   1
 -1.90320325461171974135E-02  10   3  10   2
  9.86435656515573106029E-02  10   3  10   3
 -5.45977861538625500182E-02  10   3  10   7
  6.24425002224567593512E-02  10   4   1   1
  6.23136098991704176497E-02  10   4   2   2
 -1.17294739513774883173E-03  10   4   3   2
  7.94817662284458825717E-02  10   4   3   3
  4.61593755589507874493E-03  10   4   4   1
  8.88754643215120682109E-03  10   4   4   4
  4.64450723730580466997E-02  10   4   5   5
  4.64450723730579981274E-02  10   4   6   6
  3.70890384942934703793E-12  10   4   7   1
  2.07267801680677994647E-02  10   4   7   2
 -9.72578770560167810144E-02  10   4   7   3
  1.28029110173293178207E-03  10   4   7   7
  3.99544763771873048808E-02  10   4   8   8
  3.99544763771873812086E-02  10   4   9   9
 -2.31546901821351250317E-02  10   4  10   1
  4.18536671255287987096E-12  10   4  10   2
  1.00212668409603453124E-01  10   4  10   4
  6.40158090750210101438E-02  10   4  10  10
 -4.43676394043018319790E-03  10   5   5   1
  1.45703277133300418411E-02  10   5   5   4
 -4.50017338164880511403E-03  10   5   8   2
  2.08717999895157609036E-02  10   5   8   3
 -2.04972573038052427452E-02  10   5   8   7
  4.25010171232962598521E-08  10   5   9   2
 -1.97119678180809721693E-07  10   5   9   3
  1.93582382226008853381E-07  10   5   9   7
  3.06037584734895375116E-02  10   5  10   5
 -4.43676394043017712637E-03  10   6   6   1
  1.45703277133300262286E-02  10   6   6   4
 -4.25010171232611741592E-08  10   6   8   2
  1.97119678180612707124E-07  10   6   8   3
 -1.93582382225826079553E-07  10   6   8   7
 -4.50017338164880598139E-03  10   6   9   2
  2.08717999895157678425E-02  10   6   9   3
 -2.04972573038052462147E-02  10   6   9   7
  3.06037584734895028171E-02  10   6  10   6
 -1.50758620633445228925E-10  10   7   1   1
 -4.18141240640048816868E-01  10   7   2   1
  1.50815117657887005514E-10  10   7   2   2
 -7.34933854793667039329E-03  10   7   3   1
  1.31484153064406511416E-12  10   7   3   2
 -1.23848568006985018938E-12  10   7   4   1
 -6.93559594747108001944E-03  10   7   4   2
 -2.33548239771134868992E-01  10   7   4   3
  1.22355217888064152260E-12  10   7   5   5
 -1.15266862513697875547E-12  10   7   6   6
  2.66027417196670456362E-03  10   7   7   1
 -1.33642078318208651355E-01  10   7   7   4
 -2.44882492200147405814E-01  10   7   8   5
 -2.31274533479677744526E-06  10   7   8   6
 -1.19916865255897577466E-12  10   7   8   8
  2.31274533479893272059E-06  10   7   9   5
 -2.44882492200147489081E-01  10   7   9   6
  1.17691967282951281959E-12  10   7   9   9
 -1.31774836061571344054E-12  10   7  10   1
 -7.28034951455735612064E-03  10   7  10   2
 -5.45977861538625569571E-02  10   7  10   3
  2.72892630307450700933E-01  10   7  10   7
 -4.92107641499581714706E-03  10   8   5   2
  2.86991856324114724686E-02  10   8   5   3
 -4.64761544147412733589E-08  10   8   6   2
  2.71043907988224718794E-07  10   8   6   3
 -2.38528387786762254008E-02  10   8   7   5
 -2.25273522461328655606E-07  10   8   7   6
 -5.17268795227466930686E-03  10   8   8   1
  1.85091969647378958019E-02  10   8   8   4
  3.40403244392763204562E-02  10   8  10   8
  4.64761544147832081073E-08  10   9   5   2
 -2.71043907988456276426E-07  10   9   5   3
 -4.92107641499581974914E-03  10   9   6   2
  2.86991856324114759380E-02  10   9   6   3
  2.25273522461567227729E-07  10   9   7   5
 -2.38528387786762323397E-02  10   9   7   6
 -5.17268795227467884784E-03  10   9   9   1
  1.85091969647379270270E-02  10   9   9   4
  3.40403244392763759674E-02  10   9  10   9
  8.96738443970614085288E-01  10  10   1   1
  8.96701291042940273890E-01  10  10   2   2
  1.45085266562900165429E-12  10  10   3   1
  7.92968739118779866737E-03  10  10   3   2
  7.01733592891838564576E-01  10  10   3   3
  1.16257149426234104167E-02  10  10   4   1
 -2.10208175623236048394E-12  10  10   4   2
  6.59910057993057352910E-01  10  10   4   4
  6.60868400966923452700E-01  10  10   5   5
  6.60868400966922675543E-01  10  10   6   6
  2.38366543345919713267E-12  10  10   7   1
  1.32734163800471028499E-02  10  10   7   2
 -7.18895077850145169940E-02  10  10   7   3
  7.03169229080927937758E-01  10  10   7   7
  6.65268224832796351009E-01  10  10   8   8
  6.65268224832797350210E-01  10  10   9   9
 -1.07739073164555190093E-02  10  10  10   1
  1.94518544937719309176E-12  10  10  10   2
  6.40158090750210240216E-02  10  10  10   4
  7.71423954248852128401E-01  10  10  10  10
 -4.34216230214870151372E+01   1   1   0   0
 -4.34233825831199453660E+01   2   2   0   0
 -1.26144875828043613879E-10   3   1   0   0
 -6.93765653015448346963E-01   3   2   0   0
 -1.24981181010482682581E+01   3   3   0   0
 -7.53207775667937728947E-01   4   1   0   0
  1.36813922695284227035E-10   4   2   0   0
 -1.19848770205446069070E+01   4   4   0   0
 -1.14958383920683875346E+01   5   5   0   0
 -1.14958383920683733237E+01   6   6   0   0
 -3.75665185772646946444E-11   7   1   0   0
 -2.08647144637332193629E-01   7   2   0   0
  6.22457426574596461855E-01   7   3   0   0
 -1.11211677442662233756E-12   7   4   0   0
 -1.15942309461710024721E+01   7   7   0   0
 -1.15079613937532361234E+01   8   8   0   0
 -1.15079613937532538870E+01   9   9   0   0
 -1.09915044021779900740E-01  10   1   0   0
  1.99419806710878894790E-11  10   2   0   0
 -1.27220899614658731217E-12  10   3   0   0
 -7.54830470233002093217E-01  10   4   0   0
 -1.20154649534143853629E+01  10  10   0   0
  3.07297764680552205618E+01   0   0   0   0
