&FCI
NORB=6,
NELEC=4,
MS2=0,
UHF=.FALSE.,
ORBSYM=1,1,1,1,1,1,
ISYM=1,
&END
  1.65854038265861736257E+00   1   1   1   1
 -1.12200194383050205760E-01   1   1   2   1
  3.68004394183192640178E-01   1   1   2   2
  1.38475956567981006717E-01   1   1   3   1
 -1.32266641105664890798E-02   1   1   3   2
  3.95674288256736561564E-01   1   1   3   3
  3.96318513627111457254E-01   1   1   4   4
  3.96318513627111346231E-01   1   1   5   5
  5.21618670092212632916E-02   1   1   6   1
 -4.02422270402386580979E-02   1   1   6   2
 -1.76254838010966655149E-02   1   1   6   3
  3.61756267893427518878E-01   1   1   6   6
 -1.12200194383050164126E-01   2   1   1   1
  1.34637543297039946610E-02   2   1   2   1
  6.31369238099427354527E-03   2   1   2   2
 -1.12460361980836597712E-02   2   1   3   1
  3.37905677633152734876E-03   2   1   3   2
 -1.10972825457792689807E-02   2   1   3   3
 -4.37893108881480270372E-03   2   1   4   4
 -4.37893108881480183636E-03   2   1   5   5
 -8.84420574171012469078E-03   2   1   6   1
  4.79658330405217936399E-03   2   1   6   2
  3.72321888335238508974E-03   2   1   6   3
  3.36890524564678042405E-03   2   1   6   6
  3.68004394183192695689E-01   2   2   1   1
  6.31369238099427007582E-03   2   2   2   1
  4.88063802056627360493E-01   2   2   2   2
  1.59905629183665909387E-02   2   2   3   1
  4.84051570671880232455E-02   2   2   3   2
  2.23918369381584103639E-01   2   2   3   3
  2.70698639845878108456E-01   2   2   4   4
  2.70698639845878052945E-01   2   2   5   5
 -6.76719685151803192896E-03   2   2   6   1
  1.27350703190077518823E-01   2   2   6   2
  5.13163402738276500092E-02   2   2   6   3
  4.54262554734434942372E-01   2   2   6   6
  1.38475956567980951206E-01   3   1   1   1
 -1.12460361980836667101E-02   3   1   2   1
  1.59905629183665839999E-02   3   1   2   2
  2.16463650540485476326E-02   3   1   3   1
  1.82959163005098576250E-04   3   1   3   2
 -1.84352838663815366167E-03   3   1   3   3
  4.97129121409148506949E-03   3   1   4   4
  4.97129121409148506949E-03   3   1   5   5
  2.25330188354406091983E-03   3   1   6   1
 -4.34607434606088254177E-04   3   1   6   2
  4.40689786841651567895E-03   3   1   6   3
  1.13376440932507118603E-02   3   1   6   6
 -1.32266641105664543854E-02   3   2   1   1
  3.37905677633152344563E-03   3   2   2   1
  4.84051570671880440622E-02   3   2   2   2
  1.82959163005098847301E-04   3   2   3   1
  1.29596439484691867278E-02   3   2   3   2
 -7.34425502008289113332E-03   3   2   3   3
 -5.65138553069496462483E-03   3   2   4   4
 -5.65138553069496462483E-03   3   2   5   5
 -1.64755582908847667510E-03   3   2   6   1
  3.44767532748198116122E-02   3   2   6   2
  9.30193477800542699307E-03   3   2   6   3
  4.32290543197630383609E-02   3   2   6   6
  3.95674288256736561564E-01   3   3   1   1
 -1.10972825457792672460E-02   3   3   2   1
  2.23918369381584075883E-01   3   3   2   2
 -1.84352838663815257747E-03   3   3   3   1
 -7.34425502008288679651E-03   3   3   3   2
  3.37991874613733256361E-01   3   3   3   3
  2.82017582731042826261E-01   3   3   4   4
  2.82017582731042715238E-01   3   3   5   5
  1.03663104316635799884E-02   3   3   6   1
 -1.21298352238801612074E-02   3   3   6   2
 -3.59852338272551239284E-02   3   3   6   3
  2.41507567782174109583E-01   3   3   6   6
  9.81775453471158028596E-03   4   1   4   1
  7.49684337520355702222E-03   4   1   4   2
 -1.02556544627263410835E-02   4   1   4   3
 -6.10305457837159292395E-03   4   1   6   4
  7.49684337520355788959E-03   4   2   4   1
  2.34809018340935149460E-02   4   2   4   2
 -1.92680633965247247175E-02   4   2   4   3
 -1.95747240195963054243E-02   4   2   6   4
 -1.02556544627263393488E-02   4   3   4   1
 -1.92680633965247247175E-02   4   3   4   2
  4.12794679260475166904E-02   4   3   4   3
  1.37423622334989295468E-02   4   3   6   4
  3.96318513627111457254E-01   4   4   1   1
 -4.37893108881480270372E-03   4   4   2   1
  2.70698639845878163968E-01   4   4   2   2
  4.97129121409148506949E-03   4   4   3   1
 -5.65138553069494467551E-03   4   4   3   2
  2.82017582731042826261E-01   4   4   3   3
  3.12945511159409051061E-01   4   4   4   4
  2.79207232132026861304E-01   4   4   5   5
  5.51919864975613811559E-04   4   4   6   1
 -1.57443450747253368971E-02   4   4   6   2
 -2.14537319933614037404E-03   4   4   6   3
  2.68269078955544304499E-01   4   4   6   6
  9.81775453471157855123E-03   5   1   5   1
  7.49684337520355528750E-03   5   1   5   2
 -1.02556544627263358793E-02   5   1   5   3
 -6.10305457837158771978E-03   5   1   6   5
  7.49684337520355615486E-03   5   2   5   1
  2.34809018340935080071E-02   5   2   5   2
 -1.92680633965247177786E-02   5   2   5   3
 -1.95747240195962984854E-02   5   2   6   5
 -1.02556544627263376140E-02   5   3   5   1
 -1.92680633965247212480E-02   5   3   5   2
  4.12794679260475097515E-02   5   3   5   3
  1.37423622334989260774E-02   5   3   6   5
  1.68691395136910289587E-02   5   4   5   4
  3.96318513627111401743E-01   5   5   1   1
 -4.37893108881480704053E-03   5   5   2   1
  2.70698639845878052945E-01   5   5   2   2
  4.97129121409149374311E-03   5   5   3   1
 -5.65138553069497850262E-03   5   5   3   2
  2.82017582731042770749E-01   5   5   3   3
  2.79207232132026750282E-01   5   5   4   4
  3.12945511159408884527E-01   5   5   5   5
  5.51919864975619340990E-04   5   5   6   1
 -1.57443450747253681221E-02   5   5   6   2
 -2.14537319933614124140E-03   5   5   6   3
  2.68269078955544248988E-01   5   5   6   6
  5.21618670092212910472E-02   6   1   1   1
 -8.84420574171013336440E-03   6   1   2   1
 -6.76719685151803713313E-03   6   1   2   2
  2.25330188354407002713E-03   6   1   3   1
 -1.64755582908846995305E-03   6   1   3   2
  1.03663104316635817231E-02   6   1   3   3
  5.51919864975615004181E-04   6   1   4   4
  5.51919864975614895761E-04   6   1   5   5
  8.42478273398546487205E-03   6   1   6   1
  1.38126427690415715024E-04   6   1   6   2
 -4.29798951132339280418E-03   6   1   6   3
 -2.98168660938278630435E-03   6   1   6   6
 -4.02422270402386789145E-02   6   2   1   1
  4.79658330405218023135E-03   6   2   2   1
  1.27350703190077546578E-01   6   2   2   2
 -4.34607434606087278395E-04   6   2   3   1
  3.44767532748198393677E-02   6   2   3   2
 -1.21298352238801577380E-02   6   2   3   3
 -1.57443450747253507749E-02   6   2   4   4
 -1.57443450747253438360E-02   6   2   5   5
  1.38126427690408477974E-04   6   2   6   1
  1.23810156703186791116E-01   6   2   6   2
  3.18062619383454661670E-02   6   2   6   3
  1.34888266618538699149E-01   6   2   6   6
 -1.76254838010966481676E-02   6   3   1   1
  3.72321888335237858453E-03   6   3   2   1
  5.13163402738277124593E-02   6   3   2   2
  4.40689786841652261784E-03   6   3   3   1
  9.30193477800542699307E-03   6   3   3   2
 -3.59852338272551516840E-02   6   3   3   3
 -2.14537319933616335912E-03   6   3   4   4
 -2.14537319933616249176E-03   6   3   5   5
 -4.29798951132339280418E-03   6   3   6   1
  3.18062619383454800448E-02   6   3   6   2
  2.64266769073971605208E-02   6   3   6   3
  4.40248817139889461747E-02   6   3   6   6
 -6.10305457837159118922E-03   6   4   4   1
 -1.95747240195963019549E-02   6   4   4   2
  1.37423622334989243426E-02   6   4   4   3
  1.97035078824922445240E-02   6   4   6   4
 -6.10305457837159118922E-03   6   5   5   1
 -1.95747240195963019549E-02   6   5   5   2
  1.37423622334989260774E-02   6   5   5   3
  1.97035078824922445240E-02   6   5   6   5
  3.61756267893427463367E-01   6   6   1   1
  3.36890524564678389349E-03   6   6   2   1
  4.54262554734434997883E-01   6   6   2   2
  1.13376440932507292075E-02   6   6   3   1
  4.32290543197630661165E-02   6   6   3   2
  2.41507567782174081827E-01   6   6   3   3
  2.68269078955544415521E-01   6   6   4   4
  2.68269078955544304499E-01   6   6   5   5
 -2.98168660938273946681E-03   6   6   6   1
  1.34888266618538615882E-01   6   6   6   2
  4.40248817139888351524E-02   6   6   6   3
  4.54133399598789178064E-01   6   6   6   6
 -4.72960363177440168414E+00   1   1   0   0
  1.05874783620754309155E-01   2   1   0   0
 -1.49678303330976469887E+00   2   2   0   0
 -1.67065774283368939646E-01   3   1   0   0
 -3.31977121828168977857E-02   3   2   0   0
 -1.12626980027049961031E+00   3   3   0   0
 -1.13680162216994684599E+00   4   4   0   0
 -1.13680162216994662394E+00   5   5   0   0
 -3.38214800955786917824E-02   6   1   0   0
 -5.56935039896626626899E-02   6   2   0   0
 -3.06432934000120046902E-02   6   3   0   0
 -9.49115344250661907566E-01   6   6   0   0
  9.98883937120827791745E-01   0   0   0   0
