&FCI NORB=10, NELEC=14, MS2=0, UHF=.FALSE., ORBSYM=1,1,1,1,1,1,1,1,1,1, ISYM=1, &END
  5.36089867503376726887E+00   1   1   1   1
  5.67578626339379889790E-04   1   1   2   1
  4.15790399371291363728E-01   1   1   2   2
 -5.04503564179044183824E-01   1   1   3   1
 -6.29742196601131704048E-03   1   1   3   2
  1.20687190982947245566E+00   1   1   3   3
  1.48828023379087986955E-01   1   1   4   1
 -7.65529241681347019655E-03   1   1   4   2
 -1.07197586211131012934E-01   1   1   4   3
  1.09671954250547676324E+00   1   1   4   4
  1.16865552185043997113E+00   1   1   5   5
  1.16865552185024035303E+00   1   1   6   6
  3.52258619716612209061E-02   1   1   7   1
  1.14724111160680441318E-02   1   1   7   2
 -7.52757711797383960439E-02   1   1   7   3
 -2.01665763463249381182E-01   1   1   7   4
  3.67992432156893645168E-01   1   1   7   7
 -2.28148785347299029591E-02   1   1   8   5
 -2.90006666650762690018E-01   1   1   8   6
  4.70443945107849037512E-01   1   1   8   8
  2.90006666650522659801E-01   1   1   9   5
 -2.28148785347465528350E-02   1   1   9   6
  4.70443945107651084747E-01   1   1   9   9
  2.13195489827902984192E-01   1   1  10   1
 -1.35752281688283592265E-02   1   1  10   2
 -2.85344461925194414764E-01   1   1  10   3
 -2.63358680403499245681E-01   1   1  10   4
  1.77062003474967089023E-01   1   1  10   7
  7.57625940641251882646E-01   1   1  10  10
  5.67578626339380757151E-04   2   1   1   1
  6.64296188548601086558E-07   2   1   2   1
 -5.06607146925662455914E-04   2   1   2   2
 -7.80848783480182263590E-05   2   1   3   1
 -3.39479524519444405195E-05   2   1   3   2
  3.94771228935960716115E-05   2   1   3   3
 -3.59107862581966387526E-05   2   1   4   1
 -6.19070423888657349852E-05   2   1   4   2
 -8.90968385378078771503E-05   2   1   4   3
  9.62117747225084261496E-05   2   1   4   4
  5.62439667110965386423E-05   2   1   5   5
  5.62439667110776057618E-05   2   1   6   6
  2.45176412054240763338E-05   2   1   7   1
 -3.73079348865365940892E-05   2   1   7   2
  2.10139047611734184555E-05   2   1   7   3
 -2.79440836516462674235E-05   2   1   7   4
 -9.36219678669795724989E-05   2   1   7   7
 -2.16380585558060307153E-06   2   1   8   5
 -2.75047759952397551347E-05   2   1   8   6
 -1.20029575908673589855E-05   2   1   8   8
  2.75047759952163262034E-05   2   1   9   5
 -2.16380585558225436226E-06   2   1   9   6
 -1.20029575908861478703E-05   2   1   9   9
  7.29956123348419994804E-05   2   1  10   1
 -1.10141114241749660794E-04   2   1  10   2
  3.45102617043326363516E-05   2   1  10   3
  4.97821144052305198620E-07   2   1  10   4
  4.47516198392280999596E-05   2   1  10   7
 -1.96870267454957273727E-05   2   1  10  10
  4.15790399371291252706E-01   2   2   1   1
 -5.06607146925661805392E-04   2   2   2   1
  2.89044459893040706078E+00   2   2   2   2
  8.93726729275505287972E-04   2   2   3   1
  8.45469343703278974900E-02   2   2   3   2
  4.61069223965008267996E-01   2   2   3   3
  7.51395297306682065364E-03   2   2   4   1
  1.59711683990567870906E-01   2   2   4   2
  1.25264031416506382843E-01   2   2   4   3
  4.86127114560069351068E-01   2   2   4   4
  4.28329978366056129957E-01   2   2   5   5
  4.28329978366123798050E-01   2   2   6   6
 -2.64217130791282893074E-03   2   2   7   1
  2.59531235345758781730E-01   2   2   7   2
  2.74881735705229416841E-03   2   2   7   3
  7.40977740469817153235E-02   2   2   7   4
  7.17021211696658555823E-01   2   2   7   7
  7.70607216921407982280E-03   2   2   8   5
  9.79541617704635519948E-02   2   2   8   6
  7.16148903650285384437E-01   2   2   8   8
 -9.79541617703652556237E-02   2   2   9   5
  7.70607216922132229331E-03   2   2   9   6
  7.16148903650352552930E-01   2   2   9   9
 -6.28915452017281273456E-03   2   2  10   1
  1.32179973754706719946E-01   2   2  10   2
  5.19595802351317317958E-02   2   2  10   3
  1.28961280242458758982E-01   2   2  10   4
 -4.15186527866594212721E-02   2   2  10   7
  7.23006522777210003383E-01   2   2  10  10
 -5.04503564179044294846E-01   3   1   1   1
 -7.80848783480180095185E-05   3   1   2   1
  8.93726729275478074498E-04   3   1   2   2
  7.54414116548635799164E-02   3   1   3   1
 -2.20678713398244955002E-05   3   1   3   2
 -1.91820615238157340943E-02   3   1   3   3
 -1.92247053573415919991E-02   3   1   4   1
 -9.49469811682565750246E-06   3   1   4   2
  8.86090557296679778854E-03   3   1   4   3
 -1.33728796916780575538E-02   3   1   4   4
 -1.22721673594067288288E-02   3   1   5   5
 -1.22721673594029852955E-02   3   1   6   6
 -6.32549234027068342512E-03   3   1   7   1
  3.67519433394052554985E-05   3   1   7   2
  5.66375795295972453598E-04   3   1   7   3
  3.15651103437181342060E-03   3   1   7   4
 -7.02500565800647544350E-04   3   1   7   7
  4.28051529249032225444E-04   3   1   8   5
  5.44108954879101314878E-03   3   1   8   6
 -1.63292655453627305953E-03   3   1   8   8
 -5.44108954878735808641E-03   3   1   9   5
  4.28051529249288205577E-04   3   1   9   6
 -1.63292655453255728185E-03   3   1   9   9
 -3.42503764620613743164E-02   3   1  10   1
 -9.94364897833088958031E-05   3   1  10   2
  7.39314850594559314079E-03   3   1  10   3
  4.53080506768954553720E-03   3   1  10   4
 -2.57873998154007450997E-03   3   1  10   7
 -6.89709681933786677988E-03   3   1  10  10
 -6.29742196601133438771E-03   3   2   1   1
 -3.39479524519444405195E-05   3   2   2   1
  8.45469343703279113678E-02   3   2   2   2
 -2.20678713398233062660E-05   3   2   3   1
  4.35611838880203480762E-03   3   2   3   2
 -5.96142260396753231183E-03   3   2   3   3
 -2.89195850639765072911E-04   3   2   4   1
  8.04355836826696132813E-03   3   2   4   2
 -1.42883560773277257065E-03   3   2   4   3
 -3.98183127157672196034E-03   3   2   4   4
 -4.64537995365721552432E-03   3   2   5   5
 -4.64537995365554411825E-03   3   2   6   6
  9.80315604866274710764E-05   3   2   7   1
  9.71431591934286166323E-03   3   2   7   2
  1.53873551509606243393E-03   3   2   7   3
  3.21295917158366702016E-03   3   2   7   4
  8.96728032382553170987E-03   3   2   7   7
  1.90916524404449673615E-04   3   2   8   5
  2.42679638933086328292E-03   3   2   8   6
  4.01585693740262941742E-03   3   2   8   8
 -2.42679638932789213529E-03   3   2   9   5
  1.90916524404660415412E-04   3   2   9   6
  4.01585693740428868043E-03   3   2   9   9
  1.55756397265388992022E-04   3   2  10   1
  9.54399366026830592302E-03   3   2  10   2
  1.80227431689443861815E-03   3   2  10   3
  1.40042840643627027573E-03   3   2  10   4
 -3.62278417913883049248E-03   3   2  10   7
  3.77286759200383230162E-04   3   2  10  10
  1.20687190982947245566E+00   3   3   1   1
  3.94771228935963426621E-05   3   3   2   1
  4.61069223965008434529E-01   3   3   2   2
 -1.91820615238156265414E-02   3   3   3   1
 -5.96142260396752624030E-03   3   3   3   2
  8.68085994189753740180E-01   3   3   3   3
  1.52837469324435346746E-02   3   3   4   1
 -6.72433754902348936738E-03   3   3   4   2
  4.90187462407373417128E-03   3   3   4   3
  7.91060017359058398334E-01   3   3   4   4
  8.36742506262833418695E-01   3   3   5   5
  8.36742506262731944311E-01   3   3   6   6
 -1.78744106611337049383E-03   3   3   7   1
  1.35176027360951953038E-02   3   3   7   2
 -5.18231892067559582471E-02   3   3   7   3
 -1.13397949474828396710E-01   3   3   7   4
  3.56022715396724587222E-01   3   3   7   7
 -1.16108006862701423900E-02   3   3   8   5
 -1.47588320448262394491E-01   3   3   8   6
  4.38815467691878013934E-01   3   3   8   8
  1.47588320448125476236E-01   3   3   9   5
 -1.16108006862795567343E-02   3   3   9   6
  4.38815467691777427728E-01   3   3   9   9
  2.21990465960242647214E-03   3   3  10   1
 -1.59922781093312302292E-02   3   3  10   2
 -1.37403449022516721545E-01   3   3  10   3
 -1.15503811818490259578E-01   3   3  10   4
  1.09507380397131509620E-01   3   3  10   7
  6.08115691739312014263E-01   3   3  10  10
  1.48828023379087931444E-01   4   1   1   1
 -3.59107862581967268441E-05   4   1   2   1
  7.51395297306683366406E-03   4   1   2   2
 -1.92247053573415746519E-02   4   1   3   1
 -2.89195850639764422390E-04   4   1   3   2
  1.52837469324435624302E-02   4   1   3   3
  2.63092895949649553666E-02   4   1   4   1
 -2.29171036266281609017E-04   4   1   4   2
  2.60695469909073031245E-02   4   1   4   3
 -8.59997360519446779614E-03   4   1   4   4
  4.81912709727107604896E-03   4   1   5   5
  4.81912709727167366119E-03   4   1   6   6
 -5.35774994300109320272E-03   4   1   7   1
  4.08793221558655225836E-04   4   1   7   2
 -9.27274075874342032511E-03   4   1   7   3
  7.82597881818743136215E-04   4   1   7   4
  4.66559338799155814970E-03   4   1   7   7
  6.80097653350664725245E-05   4   1   8   5
  8.64492235384122257799E-04   4   1   8   6
  4.53905986770951688780E-03   4   1   8   8
 -8.64492235384222221239E-04   4   1   9   5
  6.80097653350615665097E-05   4   1   9   6
  4.53905986771010929587E-03   4   1   9   9
 -5.76388229811947844228E-03   4   1  10   1
 -4.88947643376438055574E-04   4   1  10   2
 -1.76024064734011664868E-02   4   1  10   3
 -1.27225487705576612713E-03   4   1  10   4
  4.20823485037591545066E-03   4   1  10   7
  1.77203868598540814627E-02   4   1  10  10
 -7.65529241681348580906E-03   4   2   1   1
 -6.19070423888658298529E-05   4   2   2   1
  1.59711683990568120706E-01   4   2   2   2
 -9.49469811682770901626E-06   4   2   3   1
  8.04355836826697000175E-03   4   2   3   2
 -6.72433754902348069377E-03   4   2   3   3
 -2.29171036266280660340E-04   4   2   4   1
  1.50840775932936342618E-02   4   2   4   2
 -9.26995475758265693490E-04   4   2   4   3
 -4.48030039218571662224E-03   4   2   4   4
 -5.28998444316133159537E-03   4   2   5   5
 -5.28998444315911722086E-03   4   2   6   6
  7.68158707014745455134E-05   4   2   7   1
  1.98197382956841819390E-02   4   2   7   2
  2.07019999077802559218E-03   4   2   7   3
  4.82041699262876748716E-03   4   2   7   4
  1.36895107564325539673E-02   4   2   7   7
  2.52898201976955333027E-04   4   2   8   5
  3.21466381886237632590E-03   4   2   8   6
  6.14227643502837129807E-03   4   2   8   8
 -3.21466381885845498348E-03   4   2   9   5
  2.52898201977233810355E-04   4   2   9   6
  6.14227643503056745800E-03   4   2   9   9
  9.15682654588811695317E-05   4   2  10   1
  1.68466129005156867171E-02   4   2  10   2
  2.26360205297224115206E-03   4   2  10   3
  2.38571286018913943788E-03   4   2  10   4
 -4.59411022871748439544E-03   4   2  10   7
  2.41001497983544653997E-03   4   2  10  10
 -1.07197586211131012934E-01   4   3   1   1
 -8.90968385378079313604E-05   4   3   2   1
  1.25264031416506299577E-01   4   3   2   2
  8.86090557296675788990E-03   4   3   3   1
 -1.42883560773277278749E-03   4   3   3   2
  4.90187462407371595668E-03   4   3   3   3
  2.60695469909073100634E-02   4   3   4   1
 -9.26995475758263416666E-04   4   3   4   2
  1.57913372776373378548E-01   4   3   4   3
 -7.36776113901288498553E-02   4   3   4   4
 -4.01864993868637498942E-02   4   3   5   5
 -4.01864993868311856651E-02   4   3   6   6
 -9.83217996854657966255E-03   4   3   7   1
  6.67163617301616985317E-03   4   3   7   2
 -3.49073862945251528478E-02   4   3   7   3
  2.70092295950521525671E-02   4   3   7   4
  5.21042789676036330326E-02   4   3   7   7
  3.71913259865623915812E-03   4   3   8   5
  4.72749940845180807725E-02   4   3   8   6
  5.54056737953828801202E-02   4   3   8   8
 -4.72749940844852944988E-02   4   3   9   5
  3.71913259865856845807E-03   4   3   9   6
  5.54056737954151806713E-02   4   3   9   9
 -2.20046937174312659535E-02   4   3  10   1
 -5.91709745628881712831E-03   4   3  10   2
 -2.83160990002260075371E-02   4   3  10   3
  4.68786325035479567447E-02   4   3  10   4
  1.69001930518433620548E-03   4   3  10   7
  8.38855116584502763510E-02   4   3  10  10
  1.09671954250547698528E+00   4   4   1   1
  9.62117747225084532546E-05   4   4   2   1
  4.86127114560069406579E-01   4   4   2   2
 -1.33728796916780957177E-02   4   4   3   1
 -3.98183127157672629715E-03   4   4   3   2
  7.91060017359058287312E-01   4   4   3   3
 -8.59997360519445912252E-03   4   4   4   1
 -4.48030039218571402015E-03   4   4   4   2
 -7.36776113901287804664E-02   4   4   4   3
  8.32850523094208594621E-01   4   4   4   4
  7.64232023734098042667E-01   4   4   5   5
  7.64232023734010224025E-01   4   4   6   6
  4.91087002760111617644E-03   4   4   7   1
  1.52257505189956673236E-02   4   4   7   2
 -2.01941010325477100784E-02   4   4   7   3
 -1.17277985849042684641E-01   4   4   7   4
  3.59670940234560920779E-01   4   4   7   7
 -1.00461019155703330796E-02   4   4   8   5
 -1.27698971744845568566E-01   4   4   8   6
  4.33704318572796510001E-01   4   4   8   8
  1.27698971744731742950E-01   4   4   9   5
 -1.00461019155781237228E-02   4   4   9   6
  4.33704318572709468516E-01   4   4   9   9
  1.40680017885432013386E-02   4   4  10   1
 -1.40178239332167334924E-02   4   4  10   2
 -7.46656818651000586673E-02   4   4  10   3
 -1.20632486847390654749E-01   4   4  10   4
  9.68896784333438815251E-02   4   4  10   7
  5.72187827954286021281E-01   4   4  10  10
  2.58478063520047873780E-02   5   1   5   1
 -2.05637387155963182296E-04   5   1   5   2
  3.49237007720163625257E-02   5   1   5   3
 -8.70720115263667361616E-03   5   1   5   4
 -1.62117245617356370117E-03   5   1   7   5
 -8.46437944158145885547E-04   5   1   8   1
 -2.90522381881784117136E-05   5   1   8   2
 -9.16929328417711133128E-04   5   1   8   3
  4.45346143674922275487E-04   5   1   8   4
  1.36216762228752864654E-04   5   1   8   7
  1.07593229715493513693E-02   5   1   9   1
  3.69291589383906207564E-04   5   1   9   2
  1.16553597988143225334E-02   5   1   9   3
 -5.66092650619326193812E-03   5   1   9   4
 -1.73149153942478125148E-03   5   1   9   7
 -1.10283605174362059342E-02   5   1  10   5
  4.66933544395533586206E-04   5   1  10   8
 -5.93533033942441126674E-03   5   1  10   9
 -2.05637387155963209402E-04   5   2   5   1
  1.58804180191358577066E-03   5   2   5   2
 -2.53089482564091946062E-03   5   2   5   3
 -1.49780573444579416867E-03   5   2   5   4
 -1.44818010889510460568E-03   5   2   7   5
  7.63770568592429074559E-06   5   2   8   1
  4.46016355723812527902E-04   5   2   8   2
 -8.06861548879319001549E-05   5   2   8   3
 -2.57820860737041016985E-04   5   2   8   4
 -4.84134355986500853394E-04   5   2   8   7
 -9.70851351875856501692E-05   5   2   9   1
 -5.66944576970580468855E-03   5   2   9   2
  1.02562557097456413108E-03   5   2   9   3
  3.27723718982330346206E-03   5   2   9   4
  6.15397494126104262213E-03   5   2   9   7
 -9.59649310043560297041E-04   5   2  10   5
 -2.88693506636860037270E-04   5   2  10   8
  3.66966851986345182768E-03   5   2  10   9
  3.49237007720163625257E-02   5   3   5   1
 -2.53089482564091989431E-03   5   3   5   2
  1.70671572557662909464E-01   5   3   5   3
 -2.63256815362110825618E-02   5   3   5   4
 -4.28262993580347771372E-03   5   3   7   5
 -1.11554347173896568901E-03   5   3   8   1
 -4.48182596771677307923E-04   5   3   8   2
 -3.47408746670655344674E-03   5   3   8   3
  2.73341875535053954044E-03   5   3   8   4
  1.52010129818662951574E-03   5   3   8   7
  1.41800028981220061636E-02   5   3   9   1
  5.69698150015041353961E-03   5   3   9   2
  4.41601529606319778698E-02   5   3   9   3
 -3.47452939796526055760E-02   5   3   9   4
 -1.93224570443004881048E-02   5   3   9   7
 -3.56005490364394786007E-02   5   3  10   5
  2.95342748889406694554E-03   5   3  10   8
 -3.75418900409392672368E-02   5   3  10   9
 -8.70720115263667535088E-03   5   4   5   1
 -1.49780573444579416867E-03   5   4   5   2
 -2.63256815362110860312E-02   5   4   5   3
  5.03594036679398254774E-02   5   4   5   4
 -6.44477996576480784141E-03   5   4   7   5
  2.87627040199353925781E-04   5   4   8   1
 -3.39552596839988473677E-04   5   4   8   2
  1.39970614553440475016E-03   5   4   8   3
 -6.80268905881362150913E-04   5   4   8   4
  1.14288782015087471422E-03   5   4   8   7
 -3.65611234965793367377E-03   5   4   9   1
  4.31615345276529366325E-03   5   4   9   2
 -1.77920786621228420310E-02   5   4   9   3
  8.64709919539291202439E-03   5   4   9   4
 -1.45275849955938951563E-02   5   4   9   7
 -3.35575518562516213888E-03   5   4  10   5
  1.04659506096745221447E-03   5   4  10   8
 -1.33035792630692394078E-02   5   4  10   9
  1.16865552185043952704E+00   5   5   1   1
  5.62439667110967216014E-05   5   5   2   1
  4.28329978366056240979E-01   5   5   2   2
 -1.22721673594066854607E-02   5   5   3   1
 -4.64537995365720771807E-03   5   5   3   2
  8.36742506262833307673E-01   5   5   3   3
  4.81912709727105349755E-03   5   5   4   1
 -5.28998444316132118703E-03   5   5   4   2
 -4.01864993868637568331E-02   5   5   4   3
  7.64232023734098042667E-01   5   5   4   4
  8.81535649509042396055E-01   5   5   5   5
  7.92326060744849791639E-01   5   5   6   6
  3.91964452306165953791E-04   5   5   7   1
  9.98279358119379817138E-03   5   5   7   2
 -3.86660430611076993968E-02   5   5   7   3
 -1.05983715154085111898E-01   5   5   7   4
  3.46833004068456740576E-01   5   5   7   7
 -1.33519502683811311372E-02   5   5   8   5
 -1.43333697379508129277E-01   5   5   8   6
  4.17943768376331514780E-01   5   5   8   8
  1.69720587585963228472E-01   5   5   9   5
 -1.12760886962216429208E-02   5   5   9   6
 -1.58728439425828010689E-03   5   5   9   8
  4.37995337659351946513E-01   5   5   9   9
  4.29709785265935343551E-03   5   5  10   1
 -1.19572747743084510652E-02   5   5  10   2
 -1.25134484254703193251E-01   5   5  10   3
 -1.12026593747841254900E-01   5   5  10   4
  9.95176576758114994625E-02   5   5  10   7
  5.68697695751341880666E-01   5   5  10  10
  2.58478063519973801088E-02   6   1   6   1
 -2.05637387156057047100E-04   6   1   6   2
  3.49237007720074668637E-02   6   1   6   3
 -8.70720115263346784718E-03   6   1   6   4
 -1.62117245617276659574E-03   6   1   7   6
 -1.07593229715566805760E-02   6   1   8   1
 -3.69291589383765749173E-04   6   1   8   2
 -1.16553597988246857714E-02   6   1   8   3
  5.66092650619541819940E-03   6   1   8   4
  1.73149153942505230203E-03   6   1   8   7
 -8.46437944158658604754E-04   6   1   9   1
 -2.90522381881684099486E-05   6   1   9   2
 -9.16929328418437223323E-04   6   1   9   3
  4.45346143675072437488E-04   6   1   9   4
  1.36216762228771431616E-04   6   1   9   7
 -1.10283605174326445469E-02   6   1  10   6
  5.93533033942733774524E-03   6   1  10   8
  4.66933544395737904105E-04   6   1  10   9
 -2.05637387156057047100E-04   6   2   6   1
  1.58804180191749366897E-03   6   2   6   2
 -2.53089482564323748487E-03   6   2   6   3
 -1.49780573444841143271E-03   6   2   6   4
 -1.44818010889911680424E-03   6   2   7   6
  9.70851351877261627707E-05   6   2   8   1
  5.66944576971231337104E-03   6   2   8   2
 -1.02562557097500149823E-03   6   2   8   3
 -3.27723718982649448589E-03   6   2   8   4
 -6.15397494126798758757E-03   6   2   8   7
  7.63770568593426371152E-06   6   2   9   1
  4.46016355724279602198E-04   6   2   9   2
 -8.06861548879643991150E-05   6   2   9   3
 -2.57820860737270325744E-04   6   2   9   4
 -4.84134355986999206922E-04   6   2   9   7
 -9.59649310046090065970E-04   6   2  10   6
 -3.66966851986694859653E-03   6   2  10   8
 -2.88693506637110921653E-04   6   2  10   9
  3.49237007720074807415E-02   6   3   6   1
 -2.53089482564323705119E-03   6   3   6   2
  1.70671572557632517109E-01   6   3   6   3
 -2.63256815361929928654E-02   6   3   6   4
 -4.28262993579536094257E-03   6   3   7   6
 -1.41800028981323711363E-02   6   3   8   1
 -5.69698150015085068992E-03   6   3   8   2
 -4.41601529606839432462E-02   6   3   8   3
  3.47452939796614110324E-02   6   3   8   4
  1.93224570443051198165E-02   6   3   8   7
 -1.11554347173969167079E-03   6   3   9   1
 -4.48182596771709454517E-04   6   3   9   2
 -3.47408746671019810076E-03   6   3   9   3
  2.73341875535115666832E-03   6   3   9   4
  1.52010129818695824584E-03   6   3   9   7
 -3.56005490364209586929E-02   6   3  10   6
  3.75418900409526315465E-02   6   3  10   8
  2.95342748889500629830E-03   6   3  10   9
 -8.70720115263346611245E-03   6   4   6   1
 -1.49780573444841164955E-03   6   4   6   2
 -2.63256815361929963348E-02   6   4   6   3
  5.03594036679338857843E-02   6   4   6   4
 -6.44477996575614376501E-03   6   4   7   6
  3.65611234966009080241E-03   6   4   8   1
 -4.31615345276848555445E-03   6   4   8   2
  1.77920786621316578957E-02   6   4   8   3
 -8.64709919540122828874E-03   6   4   8   4
  1.45275849956066904767E-02   6   4   8   7
  2.87627040199504250412E-04   6   4   9   1
 -3.39552596840217674017E-04   6   4   9   2
  1.39970614553502339591E-03   6   4   9   3
 -6.80268905881934175979E-04   6   4   9   4
  1.14288782015178847981E-03   6   4   9   7
 -3.35575518561778262522E-03   6   4  10   6
  1.33035792630781940504E-02   6   4  10   8
  1.04659506096809211059E-03   6   4  10   9
  4.46047943820379252933E-02   6   5   6   5
 -1.31934451033046615254E-02   6   5   8   5
 -1.03793078608353122640E-03   6   5   8   6
  1.58728439426662737942E-03   6   5   8   8
 -1.03793078608527440665E-03   6   5   9   5
  1.31934451032859039604E-02   6   5   9   6
 -1.00257846415656125261E-02   6   5   9   8
 -1.58728439426643764404E-03   6   5   9   9
  1.16865552185024057508E+00   6   6   1   1
  5.62439667110779039174E-05   6   6   2   1
  4.28329978366123853561E-01   6   6   2   2
 -1.22721673594029783566E-02   6   6   3   1
 -4.64537995365553544463E-03   6   6   3   2
  8.36742506262731944311E-01   6   6   3   3
  4.81912709727165978341E-03   6   6   4   1
 -5.28998444315910421043E-03   6   6   4   2
 -4.01864993868311995429E-02   6   6   4   3
  7.64232023734010335048E-01   6   6   4   4
  7.92326060744849902662E-01   6   6   5   5
  8.81535649508809138197E-01   6   6   6   6
  3.91964452305383159823E-04   6   6   7   1
  9.98279358119387276449E-03   6   6   7   2
 -3.86660430611007605028E-02   6   6   7   3
 -1.05983715154052013374E-01   6   6   7   4
  3.46833004068491934646E-01   6   6   7   7
 -1.12760886962091026048E-02   6   6   8   5
 -1.69720587586059790119E-01   6   6   8   6
  4.37995337659494998750E-01   6   6   8   8
  1.43333697379333574462E-01   6   6   9   5
 -1.33519502683872321597E-02   6   6   9   6
  1.58728439427475846203E-03   6   6   9   8
  4.17943768376253355079E-01   6   6   9   9
  4.29709785265672619681E-03   6   6  10   1
 -1.19572747743060692899E-02   6   6  10   2
 -1.25134484254669275938E-01   6   6  10   3
 -1.12026593747798566825E-01   6   6  10   4
  9.95176576757873521117E-02   6   6  10   7
  5.68697695751328891056E-01   6   6  10  10
  3.52258619716612209061E-02   7   1   1   1
  2.45176412054240695575E-05   7   1   2   1
 -2.64217130791282762969E-03   7   1   2   2
 -6.32549234027067995567E-03   7   1   3   1
  9.80315604866272406834E-05   7   1   3   2
 -1.78744106611335553184E-03   7   1   3   3
 -5.35774994300108973327E-03   7   1   4   1
  7.68158707014737459143E-05   7   1   4   2
 -9.83217996854658486672E-03   7   1   4   3
  4.91087002760112658478E-03   7   1   4   4
  3.91964452306175982661E-04   7   1   5   5
  3.91964452305374974096E-04   7   1   6   6
  2.80041879210759809410E-03   7   1   7   1
 -1.67072949686344446015E-04   7   1   7   2
  2.87761053615592267418E-03   7   1   7   3
 -7.75312775687114698504E-04   7   1   7   4
 -1.26938986173140010323E-03   7   1   7   7
 -9.14460508572109578938E-05   7   1   8   5
 -1.16239778998155230544E-03   7   1   8   6
 -1.27768239895385067768E-03   7   1   8   8
  1.16239778998098006353E-03   7   1   9   5
 -9.14460508572517374480E-05   7   1   9   6
 -1.27768239895464539788E-03   7   1   9   9
  7.59342969091995282499E-03   7   1  10   1
  2.06021871257009055178E-04   7   1  10   2
  4.46228759475191579659E-03   7   1  10   3
 -3.44852570739897438656E-04   7   1  10   4
 -1.08776534122478852826E-03   7   1  10   7
 -4.60500163835920756777E-03   7   1  10  10
  1.14724111160680198457E-02   7   2   1   1
 -3.73079348865367228382E-05   7   2   2   1
  2.59531235345759170308E-01   7   2   2   2
  3.67519433394037037342E-05   7   2   3   1
  9.71431591934287901047E-03   7   2   3   2
  1.35176027360951935691E-02   7   2   3   3
  4.08793221558654900575E-04   7   2   4   1
  1.98197382956841750001E-02   7   2   4   2
  6.67163617301616204691E-03   7   2   4   3
  1.52257505189956759972E-02   7   2   4   4
  9.98279358119376347691E-03   7   2   5   5
  9.98279358119385541726E-03   7   2   6   6
 -1.67072949686342765501E-04   7   2   7   1
  4.26877136823639660723E-02   7   2   7   2
  4.28447921138626244397E-04   7   2   7   3
  1.20283357960204685330E-03   7   2   7   4
  1.38649243143240132568E-03   7   2   7   7
  1.01759354666596929371E-05   7   2   8   5
  1.29349324399613573901E-04   7   2   8   6
  8.54082894373459772241E-03   7   2   8   8
 -1.29349324400115695032E-04   7   2   9   5
  1.01759354666284848552E-05   7   2   9   6
  8.54082894373468966276E-03   7   2   9   9
 -2.98161931278438554604E-04   7   2  10   1
  8.97897328088344097441E-03   7   2  10   2
  2.42742698612535400676E-03   7   2  10   3
  7.05362875374165171349E-03   7   2  10   4
  9.24128016418549261268E-03   7   2  10   7
  1.87248604000867027719E-02   7   2  10  10
 -7.52757711797384793107E-02   7   3   1   1
  2.10139047611733269759E-05   7   3   2   1
  2.74881735705230023994E-03   7   3   2   2
  5.66375795295971369396E-04   7   3   3   1
  1.53873551509606416865E-03   7   3   3   2
 -5.18231892067559304915E-02   7   3   3   3
 -9.27274075874341685566E-03   7   3   4   1
  2.07019999077802602586E-03   7   3   4   2
 -3.49073862945251736645E-02   7   3   4   3
 -2.01941010325476857923E-02   7   3   4   4
 -3.86660430611076716412E-02   7   3   5   5
 -3.86660430611007466251E-02   7   3   6   6
  2.87761053615592354155E-03   7   3   7   1
  4.28447921138621528117E-04   7   3   7   2
  1.56158302095300103446E-02   7   3   7   3
  8.60530713451911760670E-03   7   3   7   4
 -4.25972120565549193516E-03   7   3   7   7
  7.91547458084406211840E-04   7   3   8   5
  1.00615937737984113831E-02   7   3   8   6
 -6.10647997575159730277E-03   7   3   8   8
 -1.00615937737872276209E-02   7   3   9   5
  7.91547458085189439489E-04   7   3   9   6
 -6.10647997574472779780E-03   7   3   9   9
  5.57108291547697958429E-03   7   3  10   1
  2.58182392157590631654E-03   7   3  10   2
  2.87914668881349457286E-02   7   3  10   3
  1.02015880519758517231E-02   7   3  10   4
 -9.70575777178954261781E-03   7   3  10   7
 -3.38525404162215159953E-02   7   3  10  10
 -2.01665763463249492204E-01   7   4   1   1
 -2.79440836516462403185E-05   7   4   2   1
  7.40977740469817569569E-02   7   4   2   2
  3.15651103437183640568E-03   7   4   3   1
  3.21295917158366615279E-03   7   4   3   2
 -1.13397949474828424465E-01   7   4   3   3
  7.82597881818739666768E-04   7   4   4   1
  4.82041699262876401771E-03   7   4   4   2
  2.70092295950521595060E-02   7   4   4   3
 -1.17277985849042643007E-01   7   4   4   4
 -1.05983715154085125776E-01   7   4   5   5
 -1.05983715154051930107E-01   7   4   6   6
 -7.75312775687114156403E-04   7   4   7   1
  1.20283357960203904705E-03   7   4   7   2
  8.60530713451911240253E-03   7   4   7   3
  4.17693212915114520101E-02   7   4   7   4
  3.85723832282037840113E-02   7   4   7   7
  3.79217028015452553569E-03   7   4   8   5
  4.82033976488502463598E-02   7   4   8   6
  2.30072011569147395760E-02   7   4   8   8
 -4.82033976488059692778E-02   7   4   9   5
  3.79217028015764760426E-03   7   4   9   6
  2.30072011569476715664E-02   7   4   9   9
 -2.60613256213404085801E-03   7   4  10   1
  6.33279523971783629699E-03   7   4  10   2
  3.14766368735139578927E-02   7   4  10   3
  4.98674506853298699083E-02   7   4  10   4
 -3.09683407237656277422E-02   7   4  10   7
 -2.63499572478576166157E-02   7   4  10  10
 -1.62117245617356413485E-03   7   5   5   1
 -1.44818010889510438884E-03   7   5   5   2
 -4.28262993580348638734E-03   7   5   5   3
 -6.44477996576480784141E-03   7   5   5   4
  9.12075180006927110909E-03   7   5   7   5
  4.58845519443184390743E-05   7   5   8   1
 -4.31922184041465826235E-04   7   5   8   2
  3.34029177179546814518E-04   7   5   8   3
  8.35067793729699038227E-04   7   5   8   4
  1.53147915542306816555E-03   7   5   8   7
 -5.83252106289696261102E-04   7   5   9   1
  5.49029058627688044264E-03   7   5   9   2
 -4.24594363237111322579E-03   7   5   9   3
 -1.06147936276804449179E-02   7   5   9   4
 -1.94670843516834141118E-02   7   5   9   7
  9.64445046421640375667E-03   7   5  10   5
  2.14017495989771410749E-04   7   5  10   8
 -2.72043966933258139079E-03   7   5  10   9
 -1.62117245617276594521E-03   7   6   6   1
 -1.44818010889911767160E-03   7   6   6   2
 -4.28262993579537048355E-03   7   6   6   3
 -6.44477996575614116292E-03   7   6   6   4
  9.12075180008269092991E-03   7   6   7   6
  5.83252106289967311645E-04   7   6   8   1
 -5.49029058628382801016E-03   7   6   8   2
  4.24594363237574233538E-03   7   6   8   3
  1.06147936276932385036E-02   7   6   8   4
  1.94670843517080228990E-02   7   6   8   7
  4.58845519443370737991E-05   7   6   9   1
 -4.31922184041964342394E-04   7   6   9   2
  3.34029177179876411979E-04   7   6   9   3
  8.35067793730612803818E-04   7   6   9   4
  1.53147915542483584878E-03   7   6   9   7
  9.64445046421922094759E-03   7   6  10   6
  2.72043966933756048085E-03   7   6  10   8
  2.14017495990132694018E-04   7   6  10   9
  3.67992432156893756190E-01   7   7   1   1
 -9.36219678669798028919E-05   7   7   2   1
  7.17021211696658333778E-01   7   7   2   2
 -7.02500565800682021979E-04   7   7   3   1
  8.96728032382551956680E-03   7   7   3   2
  3.56022715396724587222E-01   7   7   3   3
  4.66559338799157376221E-03   7   7   4   1
  1.36895107564325192728E-02   7   7   4   2
  5.21042789676036399715E-02   7   7   4   3
  3.59670940234560865267E-01   7   7   4   4
  3.46833004068456796087E-01   7   7   5   5
  3.46833004068491990157E-01   7   7   6   6
 -1.26938986173139901903E-03   7   7   7   1
  1.38649243143233930932E-03   7   7   7   2
 -4.25972120565549280252E-03   7   7   7   3
  3.85723832282038325836E-02   7   7   7   4
  5.80439304389321675259E-01   7   7   7   7
  4.00646307843844501351E-03   7   7   8   5
  5.09273367670532092766E-02   7   7   8   6
  5.08751358608336756717E-01   7   7   8   8
 -5.09273367669979687422E-02   7   7   9   5
  4.00646307844256758385E-03   7   7   9   6
  5.08751358608371839765E-01   7   7   9   9
 -3.05067892696258289101E-03   7   7  10   1
  2.52384972826767070564E-02   7   7  10   2
  6.70482843804037862562E-03   7   7  10   3
  3.28809142954845784468E-02   7   7  10   4
 -7.46144266094478925133E-02   7   7  10   7
  4.79686232852005123295E-01   7   7  10  10
 -8.46437944158145885547E-04   8   1   5   1
  7.63770568592429074559E-06   8   1   5   2
 -1.11554347173896547217E-03   8   1   5   3
  2.87627040199353871570E-04   8   1   5   4
 -1.07593229715566805760E-02   8   1   6   1
  9.70851351877261763233E-05   8   1   6   2
 -1.41800028981323676669E-02   8   1   6   3
  3.65611234966008993505E-03   8   1   6   4
  4.58845519443184119692E-05   8   1   7   5
  5.83252106289967745326E-04   8   1   7   6
  4.50883792089162849237E-03   8   1   8   1
  2.04001712050929463532E-04   8   1   8   2
  4.75132958154492884839E-03   8   1   8   3
 -2.43233044005868167745E-03   8   1   8   4
 -8.32762008400823568535E-04   8   1   8   7
  3.46819813515420502081E-04   8   1  10   5
  4.40852919260223147929E-03   8   1  10   6
 -2.51459975019819323774E-03   8   1  10   8
 -2.90522381881784151018E-05   8   2   5   1
  4.46016355723812473692E-04   8   2   5   2
 -4.48182596771677253713E-04   8   2   5   3
 -3.39552596839988527887E-04   8   2   5   4
 -3.69291589383765803383E-04   8   2   6   1
  5.66944576971231076895E-03   8   2   6   2
 -5.69698150015085068992E-03   8   2   6   3
 -4.31615345276848555445E-03   8   2   6   4
 -4.31922184041465772025E-04   8   2   7   5
 -5.49029058628382714280E-03   8   2   7   6
  2.04001712050929463532E-04   8   2   8   1
  2.05860201765991103484E-02   8   2   8   2
 -3.81455232358221931269E-03   8   2   8   3
 -1.08131728564522643782E-02   8   2   8   4
 -2.17224565095329134878E-02   8   2   8   7
 -2.88677533579744123853E-04   8   2  10   5
 -3.66946548161525398085E-03   8   2  10   6
 -1.11668506063976654546E-02   8   2  10   8
 -9.16929328417711133128E-04   8   3   5   1
 -8.06861548879319272600E-05   8   3   5   2
 -3.47408746670655344674E-03   8   3   5   3
  1.39970614553440496700E-03   8   3   5   4
 -1.16553597988246857714E-02   8   3   6   1
 -1.02562557097500193191E-03   8   3   6   2
 -4.41601529606839571240E-02   8   3   6   3
  1.77920786621316578957E-02   8   3   6   4
  3.34029177179546814518E-04   8   3   7   5
  4.24594363237574407011E-03   8   3   7   6
  4.75132958154492971575E-03   8   3   8   1
 -3.81455232358221714428E-03   8   3   8   2
  1.93374141831903073596E-02   8   3   8   3
 -6.71900435634226514924E-04   8   3   8   4
  9.21692463252261201534E-03   8   3   8   7
  1.28066390018320816653E-03   8   3  10   5
  1.62788974846713521694E-02   8   3  10   6
  3.37969265528197983228E-03   8   3  10   8
  4.45346143674922167067E-04   8   4   5   1
 -2.57820860737041016985E-04   8   4   5   2
  2.73341875535053910676E-03   8   4   5   3
 -6.80268905881361934072E-04   8   4   5   4
  5.66092650619541819940E-03   8   4   6   1
 -3.27723718982649448589E-03   8   4   6   2
  3.47452939796614110324E-02   8   4   6   3
 -8.64709919540123002346E-03   8   4   6   4
  8.35067793729699038227E-04   8   4   7   5
  1.06147936276932402383E-02   8   4   7   6
 -2.43233044005868167745E-03   8   4   8   1
 -1.08131728564522609087E-02   8   4   8   2
 -6.71900435634227815966E-04   8   4   8   3
  2.61928735368560441921E-02   8   4   8   4
  3.08887407397535063147E-02   8   4   8   7
  6.36894198160214627946E-04   8   4  10   5
  8.09575046110985740988E-03   8   4  10   6
  2.27906378825469407845E-02   8   4  10   8
 -2.28148785347299029591E-02   8   5   1   1
 -2.16380585558061535351E-06   8   5   2   1
  7.70607216921407982280E-03   8   5   2   2
  4.28051529249033092805E-04   8   5   3   1
  1.90916524404449754930E-04   8   5   3   2
 -1.16108006862701389206E-02   8   5   3   3
  6.80097653350665944973E-05   8   5   4   1
  2.52898201976955658288E-04   8   5   4   2
  3.71913259865623915812E-03   8   5   4   3
 -1.00461019155703330796E-02   8   5   4   4
 -1.33519502683811311372E-02   8   5   5   5
 -1.31934451033046615254E-02   8   5   6   5
 -1.12760886962091008701E-02   8   5   6   6
 -9.14460508572108088160E-05   8   5   7   1
  1.01759354666603502347E-05   8   5   7   2
  7.91547458084407729723E-04   8   5   7   3
  3.79217028015452640305E-03   8   5   7   4
  4.00646307843844067670E-03   8   5   7   7
  8.05561488541863338075E-03   8   5   8   5
  5.81104908760889105057E-03   8   5   8   6
  3.09825531277982228751E-03   8   5   8   8
 -5.81104908760307278803E-03   8   5   9   5
 -7.14130225512855671549E-03   8   5   9   6
 -5.78630301990892825792E-03   8   5   9   8
  2.18783623801563440608E-03   8   5   9   9
 -3.01539859262690487784E-04   8   5  10   1
  2.72509179364175465211E-04   8   5  10   2
  3.86506719357755440178E-03   8   5  10   3
  4.89617442075872180002E-03   8   5  10   4
 -2.75411116095294807721E-03   8   5  10   7
 -1.51128359754839139417E-03   8   5  10  10
 -2.90006666650762856552E-01   8   6   1   1
 -2.75047759952396568789E-05   8   6   2   1
  9.79541617704636213837E-02   8   6   2   2
  5.44108954879105825159E-03   8   6   3   1
  2.42679638933086805341E-03   8   6   3   2
 -1.47588320448262394491E-01   8   6   3   3
  8.64492235384110114735E-04   8   6   4   1
  3.21466381886238543319E-03   8   6   4   2
  4.72749940845180599558E-02   8   6   4   3
 -1.27698971744845568566E-01   8   6   4   4
 -1.43333697379508184788E-01   8   6   5   5
 -1.03793078608353079272E-03   8   6   6   5
 -1.69720587586059734608E-01   8   6   6   6
 -1.16239778998155642541E-03   8   6   7   1
  1.29349324399623711191E-04   8   6   7   2
  1.00615937737984269956E-02   8   6   7   3
  4.82033976488502810542E-02   8   6   7   4
  5.09273367670532023377E-02   8   6   7   7
  5.81104908760889191793E-03   8   6   8   5
  8.14644216555589911755E-02   8   6   8   6
  3.93828393311313890157E-02   8   6   8   8
 -6.62675045149421493296E-02   8   6   9   5
  5.81104908761415593632E-03   8   6   9   6
  4.55209537380990439739E-04   8   6   9   8
  2.78102332913453612062E-02   8   6   9   9
 -3.83296230632900218269E-03   8   6  10   1
  3.46394475074194565720E-03   8   6  10   2
  4.91300118685461112422E-02   8   6  10   3
  6.22367206971328468246E-02   8   6  10   4
 -3.50083212653506878342E-02   8   6  10   7
 -1.92103726444060630973E-02   8   6  10  10
  1.36216762228752837549E-04   8   7   5   1
 -4.84134355986500853394E-04   8   7   5   2
  1.52010129818662951574E-03   8   7   5   3
  1.14288782015087471422E-03   8   7   5   4
  1.73149153942505186834E-03   8   7   6   1
 -6.15397494126798845493E-03   8   7   6   2
  1.93224570443051198165E-02   8   7   6   3
  1.45275849956066956808E-02   8   7   6   4
  1.53147915542306859923E-03   8   7   7   5
  1.94670843517080263685E-02   8   7   7   6
 -8.32762008400823785376E-04   8   7   8   1
 -2.17224565095329134878E-02   8   7   8   2
  9.21692463252261201534E-03   8   7   8   3
  3.08887407397535340703E-02   8   7   8   4
  8.09706306124149538528E-02   8   7   8   7
  4.27763291626342327754E-04   8   7  10   5
  5.43742567514811196705E-03   8   7  10   6
  2.42038741469817776653E-02   8   7  10   8
  4.70443945107848982001E-01   8   8   1   1
 -1.20029575908674741820E-05   8   8   2   1
  7.16148903650285606481E-01   8   8   2   2
 -1.63292655453625744702E-03   8   8   3   1
  4.01585693740263722368E-03   8   8   3   2
  4.38815467691878124956E-01   8   8   3   3
  4.53905986770950994891E-03   8   8   4   1
  6.14227643502837043071E-03   8   8   4   2
  5.54056737953828593035E-02   8   8   4   3
  4.33704318572796510001E-01   8   8   4   4
  4.17943768376331570291E-01   8   8   5   5
  1.58728439426662824678E-03   8   8   6   5
  4.37995337659495109772E-01   8   8   6   6
 -1.27768239895385154505E-03   8   8   7   1
  8.54082894373459251824E-03   8   8   7   2
 -6.10647997575157648609E-03   8   8   7   3
  2.30072011569147881482E-02   8   8   7   4
  5.08751358608336867739E-01   8   8   7   7
  3.09825531277982011910E-03   8   8   8   5
  3.93828393311312779934E-02   8   8   8   6
  5.58215873698986397855E-01   8   8   8   8
 -2.78102332912715036195E-02   8   8   9   5
  2.18783623801251103647E-03   8   8   9   6
  5.02504058797788144552E-01   8   8   9   9
 -2.29966698573556230928E-03   8   8  10   1
  3.50861192542534705216E-03   8   8  10   2
  2.57557906495669815608E-03   8   8  10   3
  4.11126838849694004052E-02   8   8  10   4
 -4.84164329300660646604E-03   8   8  10   7
  5.14296890825963082250E-01   8   8  10  10
  1.07593229715493513693E-02   9   1   5   1
 -9.70851351875856501692E-05   9   1   5   2
  1.41800028981220061636E-02   9   1   5   3
 -3.65611234965793367377E-03   9   1   5   4
 -8.46437944158658713174E-04   9   1   6   1
  7.63770568593426371152E-06   9   1   6   2
 -1.11554347173969167079E-03   9   1   6   3
  2.87627040199504196202E-04   9   1   6   4
 -5.83252106289695935841E-04   9   1   7   5
  4.58845519443371144567E-05   9   1   7   6
  4.50883792088428193845E-03   9   1   9   1
  2.04001712050836574511E-04   9   1   9   2
  4.75132958153610951424E-03   9   1   9   3
 -2.43233044005550106195E-03   9   1   9   4
 -8.32762008400033293572E-04   9   1   9   7
 -4.40852919259930760287E-03   9   1  10   5
  3.46819813515624982610E-04   9   1  10   6
 -2.51459975019466177443E-03   9   1  10   9
  3.69291589383906424405E-04   9   2   5   1
 -5.66944576970580468855E-03   9   2   5   2
  5.69698150015041353961E-03   9   2   5   3
  4.31615345276529539797E-03   9   2   5   4
 -2.90522381881684133367E-05   9   2   6   1
  4.46016355724279439567E-04   9   2   6   2
 -4.48182596771709454517E-04   9   2   6   3
 -3.39552596840217782437E-04   9   2   6   4
  5.49029058627688131000E-03   9   2   7   5
 -4.31922184041964396604E-04   9   2   7   6
  2.04001712050836628721E-04   9   2   9   1
  2.05860201766029961290E-02   9   2   9   2
 -3.81455232358451435185E-03   9   2   9   3
 -1.08131728564548629939E-02   9   2   9   4
 -2.17224565095368998824E-02   9   2   9   7
  3.66946548161175417624E-03   9   2  10   5
 -2.88677533579995170866E-04   9   2  10   6
 -1.11668506064001773342E-02   9   2  10   9
  1.16553597988143225334E-02   9   3   5   1
  1.02562557097456413108E-03   9   3   5   2
  4.41601529606319709309E-02   9   3   5   3
 -1.77920786621228455004E-02   9   3   5   4
 -9.16929328418437223323E-04   9   3   6   1
 -8.06861548879644397726E-05   9   3   6   2
 -3.47408746671019810076E-03   9   3   6   3
  1.39970614553502296223E-03   9   3   6   4
 -4.24594363237111322579E-03   9   3   7   5
  3.34029177179876520399E-04   9   3   7   6
  4.75132958153610864688E-03   9   3   9   1
 -3.81455232358451521921E-03   9   3   9   2
  1.93374141831601509267E-02   9   3   9   3
 -6.71900435616287739458E-04   9   3   9   4
  9.21692463253066286699E-03   9   3   9   7
 -1.62788974846579705125E-02   9   3  10   5
  1.28066390018415033822E-03   9   3  10   6
  3.37969265530036443168E-03   9   3  10   9
 -5.66092650619326107075E-03   9   4   5   1
  3.27723718982330346206E-03   9   4   5   2
 -3.47452939796526055760E-02   9   4   5   3
  8.64709919539291202439E-03   9   4   5   4
  4.45346143675072329068E-04   9   4   6   1
 -2.57820860737270325744E-04   9   4   6   2
  2.73341875535115623463E-03   9   4   6   3
 -6.80268905881934284399E-04   9   4   6   4
 -1.06147936276804431832E-02   9   4   7   5
  8.35067793730612803818E-04   9   4   7   6
 -2.43233044005550062827E-03   9   4   9   1
 -1.08131728564548595245E-02   9   4   9   2
 -6.71900435616286872097E-04   9   4   9   3
  2.61928735368501426628E-02   9   4   9   4
  3.08887407397621209515E-02   9   4   9   7
 -8.09575046110090276730E-03   9   4  10   5
  6.36894198160855066169E-04   9   4  10   6
  2.27906378825542647870E-02   9   4  10   9
  2.90006666650522715312E-01   9   5   1   1
  2.75047759952163804135E-05   9   5   2   1
 -9.79541617703652417459E-02   9   5   2   2
 -5.44108954878737716837E-03   9   5   3   1
 -2.42679638932789430369E-03   9   5   3   2
  1.47588320448125448481E-01   9   5   3   3
 -8.64492235384221787559E-04   9   5   4   1
 -3.21466381885846322342E-03   9   5   4   2
 -4.72749940844852875599E-02   9   5   4   3
  1.27698971744731770706E-01   9   5   4   4
  1.69720587585963200716E-01   9   5   5   5
 -1.03793078608527440665E-03   9   5   6   5
  1.43333697379333574462E-01   9   5   6   6
  1.16239778998097832881E-03   9   5   7   1
 -1.29349324400132554376E-04   9   5   7   2
 -1.00615937737872501723E-02   9   5   7   3
 -4.82033976488059831556E-02   9   5   7   4
 -5.09273367669979409866E-02   9   5   7   7
 -5.81104908760307278803E-03   9   5   8   5
 -6.62675045149421215740E-02   9   5   8   6
 -2.78102332912715209667E-02   9   5   8   8
  8.14644216554154670940E-02   9   5   9   5
 -5.81104908760833160225E-03   9   5   9   6
  4.55209537388661766421E-04   9   5   9   8
 -3.93828393311461272264E-02   9   5   9   9
  3.83296230632671755187E-03   9   5  10   1
 -3.46394475073664520962E-03   9   5  10   2
 -4.91300118685022574327E-02   9   5  10   3
 -6.22367206970802985810E-02   9   5  10   4
  3.50083212653149039584E-02   9   5  10   7
  1.92103726443870123641E-02   9   5  10  10
 -2.28148785347465528350E-02   9   6   1   1
 -2.16380585558224970358E-06   9   6   2   1
  7.70607216922132663012E-03   9   6   2   2
  4.28051529249289886090E-04   9   6   3   1
  1.90916524404660686463E-04   9   6   3   2
 -1.16108006862795602038E-02   9   6   3   3
  6.80097653350612548016E-05   9   6   4   1
  2.52898201977234352456E-04   9   6   4   2
  3.71913259865856932543E-03   9   6   4   3
 -1.00461019155781271922E-02   9   6   4   4
 -1.12760886962216429208E-02   9   6   5   5
  1.31934451032859039604E-02   9   6   6   5
 -1.33519502683872252208E-02   9   6   6   6
 -9.14460508572520356036E-05   9   6   7   1
  1.01759354666290066275E-05   9   6   7   2
  7.91547458085191824734E-04   9   6   7   3
  3.79217028015764890531E-03   9   6   7   4
  4.00646307844256324704E-03   9   6   7   7
 -7.14130225512855584813E-03   9   6   8   5
  5.81104908761415593632E-03   9   6   8   6
  2.18783623801251624064E-03   9   6   8   8
 -5.81104908760833246961E-03   9   6   9   5
  8.05561488541433994015E-03   9   6   9   6
  5.78630301992128295852E-03   9   6   9   8
  3.09825531278758951187E-03   9   6   9   9
 -3.01539859262851925488E-04   9   6  10   1
  2.72509179364550002851E-04   9   6  10   2
  3.86506719358063917380E-03   9   6  10   3
  4.89617442076243410826E-03   9   6  10   4
 -2.75411116095546516097E-03   9   6  10   7
 -1.51128359754948773941E-03   9   6  10  10
 -1.73149153942478038412E-03   9   7   5   1
  6.15397494126104262213E-03   9   7   5   2
 -1.93224570443004881048E-02   9   7   5   3
 -1.45275849955938968910E-02   9   7   5   4
  1.36216762228771404511E-04   9   7   6   1
 -4.84134355986999152712E-04   9   7   6   2
  1.52010129818695824584E-03   9   7   6   3
  1.14288782015178869665E-03   9   7   6   4
 -1.94670843516834210507E-02   9   7   7   5
  1.53147915542483649930E-03   9   7   7   6
 -8.32762008400033510412E-04   9   7   9   1
 -2.17224565095368964129E-02   9   7   9   2
  9.21692463253066460172E-03   9   7   9   3
  3.08887407397621174820E-02   9   7   9   4
  8.09706306124282904069E-02   9   7   9   7
 -5.43742567514313070859E-03   9   7  10   5
  4.27763291626703258657E-04   9   7  10   6
  2.42038741469845740395E-02   9   7  10   9
 -1.58728439425828119110E-03   9   8   5   5
 -1.00257846415656142608E-02   9   8   6   5
  1.58728439427477125562E-03   9   8   6   6
 -5.78630301990892565583E-03   9   8   8   5
  4.55209537380987024503E-04   9   8   8   6
  4.55209537388660953269E-04   9   8   9   5
  5.78630301992128209115E-03   9   8   9   6
  2.78559074506126436166E-02   9   8   9   8
  4.70443945107651029236E-01   9   9   1   1
 -1.20029575908861156831E-05   9   9   2   1
  7.16148903650352774974E-01   9   9   2   2
 -1.63292655453251846741E-03   9   9   3   1
  4.01585693740430689502E-03   9   9   3   2
  4.38815467691777427728E-01   9   9   3   3
  4.53905986771009455072E-03   9   9   4   1
  6.14227643503057786634E-03   9   9   4   2
  5.54056737954151737324E-02   9   9   4   3
  4.33704318572709468516E-01   9   9   4   4
  4.37995337659352002024E-01   9   9   5   5
 -1.58728439426643742720E-03   9   9   6   5
  4.17943768376253299568E-01   9   9   6   6
 -1.27768239895465298729E-03   9   9   7   1
  8.54082894373468619331E-03   9   9   7   2
 -6.10647997574472085891E-03   9   9   7   3
  2.30072011569477270776E-02   9   9   7   4
  5.08751358608371728742E-01   9   9   7   7
  2.18783623801563093664E-03   9   9   8   5
  2.78102332913454444729E-02   9   9   8   6
  5.02504058797788255575E-01   9   9   8   8
 -3.93828393311460925319E-02   9   9   9   5
  3.09825531278759211395E-03   9   9   9   6
  5.58215873699040798783E-01   9   9   9   9
 -2.29966698573818347645E-03   9   9  10   1
  3.50861192542772535805E-03   9   9  10   2
  2.57557906499030495398E-03   9   9  10   3
  4.11126838850118317414E-02   9   9  10   4
 -4.84164329303056039516E-03   9   9  10   7
  5.14296890825950314685E-01   9   9  10  10
  2.13195489827902928681E-01  10   1   1   1
  7.29956123348419859279E-05  10   1   2   1
 -6.28915452017281967345E-03  10   1   2   2
 -3.42503764620613326830E-02  10   1   3   1
  1.55756397265389967804E-04  10   1   3   2
  2.21990465960246680446E-03  10   1   3   3
 -5.76388229811948971798E-03  10   1   4   1
  9.15682654588801801972E-05  10   1   4   2
 -2.20046937174312937091E-02  10   1   4   3
  1.40680017885431510316E-02  10   1   4   4
  4.29709785265940460985E-03  10   1   5   5
  4.29709785265676436072E-03  10   1   6   6
  7.59342969091995109027E-03  10   1   7   1
 -2.98161931278437090931E-04  10   1   7   2
  5.57108291547698045165E-03  10   1   7   3
 -2.60613256213403131703E-03  10   1   7   4
 -3.05067892696260414137E-03  10   1   7   7
 -3.01539859262691517777E-04  10   1   8   5
 -3.83296230632898743754E-03  10   1   8   6
 -2.29966698573555059990E-03  10   1   8   8
  3.83296230632672449076E-03  10   1   9   5
 -3.01539859262851546017E-04  10   1   9   6
 -2.29966698573816959866E-03  10   1   9   9
  2.53914437082847152527E-02  10   1  10   1
  2.90467766272227835393E-04  10   1  10   2
  6.94508326355718942635E-03  10   1  10   3
 -1.94607204824661034551E-03  10   1  10   4
 -9.86567367126401370894E-04  10   1  10   7
 -7.41155749868238015315E-03  10   1  10  10
 -1.35752281688283574917E-02  10   2   1   1
 -1.10141114241749782767E-04  10   2   2   1
  1.32179973754706969746E-01  10   2   2   2
 -9.94364897833130293239E-05  10   2   3   1
  9.54399366026831633136E-03  10   2   3   2
 -1.59922781093312198208E-02  10   2   3   3
 -4.88947643376437838733E-04  10   2   4   1
  1.68466129005156901866E-02  10   2   4   2
 -5.91709745628882406721E-03  10   2   4   3
 -1.40178239332167404313E-02  10   2   4   4
 -1.19572747743084718819E-02  10   2   5   5
 -1.19572747743060883718E-02  10   2   6   6
  2.06021871257010410431E-04  10   2   7   1
  8.97897328088344444386E-03  10   2   7   2
  2.58182392157590718390E-03  10   2   7   3
  6.33279523971783196018E-03  10   2   7   4
  2.52384972826767244036E-02  10   2   7   7
  2.72509179364175194160E-04  10   2   8   5
  3.46394475074194262143E-03  10   2   8   6
  3.50861192542535832786E-03  10   2   8   8
 -3.46394475073663436759E-03  10   2   9   5
  2.72509179364550002851E-04  10   2   9   6
  3.50861192542772492436E-03  10   2   9   9
  2.90467766272228756965E-04  10   2  10   1
  2.99118663411463564517E-02  10   2  10   2
  1.37768738608380050727E-04  10   2  10   3
 -3.26431659596553317912E-03  10   2  10   4
 -1.50566259127470156859E-02  10   2  10   7
 -6.88055581497075061104E-03  10   2  10  10
 -2.85344461925194470275E-01  10   3   1   1
  3.45102617043327922056E-05  10   3   2   1
  5.19595802351316415901E-02  10   3   2   2
  7.39314850594554109908E-03  10   3   3   1
  1.80227431689443081189E-03  10   3   3   2
 -1.37403449022516749300E-01  10   3   3   3
 -1.76024064734011560784E-02  10   3   4   1
  2.26360205297222814164E-03  10   3   4   2
 -2.83160990002260110066E-02  10   3   4   3
 -7.46656818651001419340E-02  10   3   4   4
 -1.25134484254703276518E-01  10   3   5   5
 -1.25134484254669442471E-01  10   3   6   6
  4.46228759475191753131E-03  10   3   7   1
  2.42742698612532148070E-03  10   3   7   2
  2.87914668881349943008E-02  10   3   7   3
  3.14766368735139162593E-02  10   3   7   4
  6.70482843804029709361E-03  10   3   7   7
  3.86506719357755613650E-03  10   3   8   5
  4.91300118685461389978E-02  10   3   8   6
  2.57557906495670119185E-03  10   3   8   8
 -4.91300118685022921272E-02  10   3   9   5
  3.86506719358063874012E-03  10   3   9   6
  2.57557906499025768277E-03  10   3   9   9
  6.94508326355720330414E-03  10   3  10   1
  1.37768738608358041423E-04  10   3  10   2
  7.71144022745381546580E-02  10   3  10   3
  5.30663292179845633156E-02  10   3  10   4
 -2.91527527941524318422E-02  10   3  10   7
 -5.23079795436514893847E-02  10   3  10  10
 -2.63358680403499578748E-01  10   4   1   1
  4.97821144052177826041E-07  10   4   2   1
  1.28961280242458842249E-01  10   4   2   2
  4.53080506768960104835E-03  10   4   3   1
  1.40042840643626680629E-03  10   4   3   2
 -1.15503811818490259578E-01  10   4   3   3
 -1.27225487705577610179E-03  10   4   4   1
  2.38571286018911992224E-03  10   4   4   2
  4.68786325035479498058E-02  10   4   4   3
 -1.20632486847390626994E-01  10   4   4   4
 -1.12026593747841324289E-01  10   4   5   5
 -1.12026593747798469680E-01  10   4   6   6
 -3.44852570739891746594E-04  10   4   7   1
  7.05362875374162048847E-03  10   4   7   2
  1.02015880519758482536E-02  10   4   7   3
  4.98674506853298837861E-02  10   4   7   4
  3.28809142954845645690E-02  10   4   7   7
  4.89617442075872266738E-03  10   4   8   5
  6.22367206971328468246E-02  10   4   8   6
  4.11126838849692616273E-02  10   4   8   8
 -6.22367206970802847033E-02  10   4   9   5
  4.89617442076243497562E-03  10   4   9   6
  4.11126838850117831692E-02  10   4   9   9
 -1.94607204824663788424E-03  10   4  10   1
 -3.26431659596554879163E-03  10   4  10   2
  5.30663292179844939267E-02  10   4  10   3
  8.44486946114772069061E-02  10   4  10   4
 -2.51742203857624399777E-02  10   4  10   7
 -4.36246725918218447582E-03  10   4  10  10
 -1.10283605174361989953E-02  10   5   5   1
 -9.59649310043560622302E-04  10   5   5   2
 -3.56005490364394924785E-02  10   5   5   3
 -3.35575518562515563367E-03  10   5   5   4
  9.64445046421640549139E-03  10   5   7   5
  3.46819813515420447871E-04  10   5   8   1
 -2.88677533579744232273E-04  10   5   8   2
  1.28066390018320838337E-03  10   5   8   3
  6.36894198160214302686E-04  10   5   8   4
  4.27763291626342002493E-04  10   5   8   7
 -4.40852919259930586815E-03  10   5   9   1
  3.66946548161175591096E-03  10   5   9   2
 -1.62788974846579705125E-02  10   5   9   3
 -8.09575046110089929785E-03  10   5   9   4
 -5.43742567514312637178E-03  10   5   9   7
  2.61857479993904927740E-02  10   5  10   5
  2.35492645458702234626E-04  10   5  10   8
 -2.99341664371477380463E-03  10   5  10   9
 -1.10283605174326358733E-02  10   6   6   1
 -9.59649310046089957550E-04  10   6   6   2
 -3.56005490364209448151E-02  10   6   6   3
 -3.35575518561778002313E-03  10   6   6   4
  9.64445046421922441704E-03  10   6   7   6
  4.40852919260223061193E-03  10   6   8   1
 -3.66946548161525224613E-03  10   6   8   2
  1.62788974846713486999E-02  10   6   8   3
  8.09575046110986087933E-03  10   6   8   4
  5.43742567514810416079E-03  10   6   8   7
  3.46819813515624711560E-04  10   6   9   1
 -2.88677533579995170866E-04  10   6   9   2
  1.28066390018414968770E-03  10   6   9   3
  6.36894198160854957749E-04  10   6   9   4
  4.27763291626703150237E-04  10   6   9   7
  2.61857479993925501560E-02  10   6  10   6
  2.99341664371955253413E-03  10   6  10   8
  2.35492645459057039787E-04  10   6  10   9
  1.77062003474967061267E-01  10   7   1   1
  4.47516198392280660783E-05  10   7   2   1
 -4.15186527866593310665E-02  10   7   2   2
 -2.57873998154005976483E-03  10   7   3   1
 -3.62278417913882095150E-03  10   7   3   2
  1.09507380397131523497E-01  10   7   3   3
  4.20823485037591198121E-03  10   7   4   1
 -4.59411022871746878293E-03  10   7   4   2
  1.69001930518435615480E-03  10   7   4   3
  9.68896784333438676473E-02  10   7   4   4
  9.95176576758114855847E-02  10   7   5   5
  9.95176576757873798673E-02  10   7   6   6
 -1.08776534122479394927E-03  10   7   7   1
  9.24128016418552383771E-03  10   7   7   2
 -9.70575777178955823032E-03  10   7   7   3
 -3.09683407237656208033E-02  10   7   7   4
 -7.46144266094479341467E-02  10   7   7   7
 -2.75411116095294677616E-03  10   7   8   5
 -3.50083212653507086509E-02  10   7   8   6
 -4.84164329300660386396E-03  10   7   8   8
  3.50083212653148762028E-02  10   7   9   5
 -2.75411116095546732938E-03  10   7   9   6
 -4.84164329303051442499E-03  10   7   9   9
 -9.86567367126398551969E-04  10   7  10   1
 -1.50566259127469723178E-02  10   7  10   2
 -2.91527527941524387811E-02  10   7  10   3
 -2.51742203857624156915E-02  10   7  10   4
  6.94517301922597529718E-02  10   7  10   7
  3.10702772631834198136E-02  10   7  10  10
  4.66933544395533531995E-04  10   8   5   1
 -2.88693506636860037270E-04  10   8   5   2
  2.95342748889406607818E-03  10   8   5   3
  1.04659506096745243131E-03  10   8   5   4
  5.93533033942733774524E-03  10   8   6   1
 -3.66966851986694946389E-03  10   8   6   2
  3.75418900409526454243E-02  10   8   6   3
  1.33035792630782009893E-02  10   8   6   4
  2.14017495989771193909E-04  10   8   7   5
  2.72043966933756264925E-03  10   8   7   6
 -2.51459975019819323774E-03  10   8   8   1
 -1.11668506063976689241E-02  10   8   8   2
  3.37969265528198330173E-03  10   8   8   3
  2.27906378825469442539E-02  10   8   8   4
  2.42038741469817707264E-02  10   8   8   7
  2.35492645458703020673E-04  10   8  10   5
  2.99341664371954732995E-03  10   8  10   6
  4.01607881942372610395E-02  10   8  10   8
 -5.93533033942441039937E-03  10   9   5   1
  3.66966851986345226136E-03  10   9   5   2
 -3.75418900409392672368E-02  10   9   5   3
 -1.33035792630692359384E-02  10   9   5   4
  4.66933544395737687265E-04  10   9   6   1
 -2.88693506637111030073E-04  10   9   6   2
  2.95342748889500759935E-03  10   9   6   3
  1.04659506096809254427E-03  10   9   6   4
 -2.72043966933257531926E-03  10   9   7   5
  2.14017495990132612703E-04  10   9   7   6
 -2.51459975019466134075E-03  10   9   9   1
 -1.11668506064001755995E-02  10   9   9   2
  3.37969265530036269696E-03  10   9   9   3
  2.27906378825542613176E-02  10   9   9   4
  2.42038741469845497534E-02  10   9   9   7
 -2.99341664371477120254E-03  10   9  10   5
  2.35492645459056253740E-04  10   9  10   6
  4.01607881942393357688E-02  10   9  10   9
  7.57625940641251882646E-01  10  10   1   1
 -1.96870267454957138201E-05  10  10   2   1
  7.23006522777210114405E-01  10  10   2   2
 -6.89709681933778698260E-03  10  10   3   1
  3.77286759200389464324E-04  10  10   3   2
  6.08115691739312014263E-01  10  10   3   3
  1.77203868598540537072E-02  10  10   4   1
  2.41001497983548166812E-03  10  10   4   2
  8.38855116584502902288E-02  10  10   4   3
  5.72187827954286021281E-01  10  10   4   4
  5.68697695751341991688E-01  10  10   5   5
  5.68697695751328891056E-01  10  10   6   6
 -4.60500163835921016986E-03  10  10   7   1
  1.87248604000867582831E-02  10  10   7   2
 -3.38525404162215368120E-02  10  10   7   3
 -2.63499572478576131462E-02  10  10   7   4
  4.79686232852005178806E-01  10  10   7   7
 -1.51128359754838944261E-03  10  10   8   5
 -1.92103726444060908529E-02  10  10   8   6
  5.14296890825963082250E-01  10  10   8   8
  1.92103726443870574669E-02  10  10   9   5
 -1.51128359754948817309E-03  10  10   9   6
  5.14296890825950203663E-01  10  10   9   9
 -7.41155749868239403094E-03  10  10  10   1
 -6.88055581497071938601E-03  10  10  10   2
 -5.23079795436514269347E-02  10  10  10   3
 -4.36246725918226600782E-03  10  10  10   4
  3.10702772631834545081E-02  10  10  10   7
  6.08236305025730117357E-01  10  10  10  10
 -4.20839472696824117293E+01   1   1   0   0
 -1.19969719903642753345E-03   2   1   0   0
 -1.60484891349978262554E+01   2   2   0   0
  6.97873275416453275888E-01   3   1   0   0
 -6.30107066794747122662E-02   3   2   0   0
 -1.08241272064162448174E+01   3   3   0   0
 -2.23813477049863124302E-01   4   1   0   0
 -1.35932897615100967137E-01   4   2   0   0
  3.39519608217695376129E-02   4   3   0   0
 -9.68685856766600394963E+00   4   4   0   0
 -9.82090342205506949824E+00   5   5   0   0
 -9.82090342205422217603E+00   6   6   0   0
 -3.84159762093158052565E-02   7   1   0   0
 -3.77768651964733526150E-01   7   2   0   0
  4.18026707205699898928E-01   7   3   0   0
  9.51251003224059865637E-01   7   4   0   0
 -5.72853647601618476415E+00   7   7   0   0
  9.73619163879367033321E-02   8   5   0   0
  1.23759610586653812092E+00   8   6   0   0
 -6.28123573690276071346E+00   8   8   0   0
 -1.23759610586531820786E+00   9   5   0   0
  9.73619163880195259697E-02   9   6   0   0
 -6.28123573690191783214E+00   9   9   0   0
 -2.61402444667475974960E-01  10   1   0   0
 -3.60594467872672741482E-02  10   2   0   0
  1.18190554762803046174E+00  10   3   0   0
  9.47885478666448566543E-01  10   4   0   0
 -8.92819898490143537551E-01  10   7   0   0
 -7.44042187459810833161E+00  10  10   0   0
  1.86987191293875838483E+01   0   0   0   0
